-86
-86.9;-86.7;-86.8;-86.8;-87.0;-86.6;-87.2;-86.2;-86.9;-86.8;-86.9;-86.8;-86.7;-86.5;-86.7;-86.9;-87.2;-86.8;-86.6;-86.5;-87.0;-86.8;-86.9;-86.7;-87.1;-87.2;-86.9;-86.9;-86.7;-87.2;-86.6;-86.6;-87.1;-87.0;-86.8;-87.2;-86.8;-86.9;-86.9;-86.9;-86.7;-86.5;-87.0;-86.6;-87.0;-86.9;-87.1;-86.8;-86.7;-86.8;-86.8;-87.0;-87.2;-86.4;-86.7;-86.5;-86.8;-86.5;-86.9;-86.9;-86.7;-87.1;-87.0;-86.7;-87.0;-87.0;-87.1;-86.8;-87.0;-86.5;-86.7;-86.6;-86.9;-86.6;-87.0;-86.8;-86.8;-86.6;-86.6;-86.7;-86.5;-87.0;-86.7;-86.8;-86.6;-86.8;-86.7;-87.1;-86.9;-86.7;-86.8;-86.6;-86.8;-86.6;-86.8;-86.9;-86.8;-86.9;-86.9;-86.5;
-86.8;-86.7;-86.8;-86.4;-86.7;-86.4;-86.9;-85.3;-86.8;-86.7;-86.7;-87.0;-86.9;-86.7;-86.6;-86.8;-86.6;-86.9;-86.6;-86.6;-86.6;-86.9;-87.2;-86.9;-86.5;-86.8;-86.7;-86.8;-86.5;-87.0;-86.7;-87.0;-86.7;-86.7;-87.3;-86.8;-87.0;-86.6;-86.7;-87.0;-86.5;-86.7;-86.5;-86.8;-86.8;-86.9;-86.6;-86.8;-86.7;-86.8;-86.8;-87.4;-86.6;-87.0;-86.9;-86.8;-86.8;-87.0;-86.8;-87.0;-86.8;-87.2;-86.9;-86.7;-87.0;-86.8;-86.7;-86.6;-86.9;-86.6;-86.6;-86.9;-86.3;-86.9;-86.6;-86.7;-86.7;-86.8;-86.7;-87.0;-86.8;-86.6;-86.6;-86.6;-86.8;-86.6;-86.7;-86.7;-86.8;-87.0;-86.8;-86.9;-86.6;-86.9;-86.9;-86.7;-86.7;-86.9;-86.4;-87.0;
-86.6;-87.0;-86.9;-86.9;-86.5;-87.0;-86.4;-86.1;-86.9;-86.8;-86.9;-86.8;-86.6;-86.6;-86.8;-86.8;-86.4;-87.1;-87.2;-86.7;-86.8;-86.5;-86.8;-87.0;-86.9;-86.8;-86.9;-86.6;-86.9;-86.6;-86.9;-86.8;-86.5;-86.8;-86.7;-86.8;-86.8;-86.7;-86.7;-86.8;-86.8;-86.7;-86.8;-86.9;-86.9;-86.8;-86.7;-87.0;-87.0;-86.9;-86.9;-86.7;-86.7;-87.1;-86.8;-86.4;-86.8;-87.0;-86.7;-86.9;-86.8;-86.7;-86.8;-86.5;-86.8;-87.2;-86.8;-86.5;-86.7;-86.4;-86.6;-86.5;-86.6;-86.7;-86.6;-86.7;-86.8;-86.9;-86.9;-86.9;-86.9;-86.9;-86.9;-86.9;-87.0;-87.0;-86.9;-86.8;-86.9;-86.8;-86.7;-86.9;-86.7;-86.8;-86.6;-86.8;-86.9;-86.8;-87.0;-86.8;
-86.7;-86.8;-86.6;-86.8;-86.4;-86.9;-87.0;-86.6;-86.8;-86.8;-86.7;-86.5;-86.8;-86.8;-86.7;-87.0;-86.8;-86.7;-86.9;-87.0;-86.6;-86.8;-86.8;-86.8;-86.7;-86.5;-86.6;-86.7;-86.8;-86.7;-86.7;-86.6;-87.0;-87.2;-86.7;-86.7;-86.8;-87.0;-86.9;-86.8;-87.1;-86.7;-86.8;-86.6;-86.7;-87.1;-86.8;-86.8;-86.7;-86.9;-87.2;-86.7;-86.8;-86.6;-86.6;-87.1;-86.7;-86.8;-86.7;-87.0;-87.0;-86.9;-86.7;-86.7;-86.8;-86.5;-86.8;-86.9;-86.7;-86.7;-86.9;-86.8;-86.9;-86.8;-87.0;-86.7;-86.9;-87.0;-86.9;-86.8;-87.1;-86.7;-86.9;-86.6;-86.5;-86.6;-87.1;-87.1;-86.9;-87.1;-86.7;-86.8;-86.9;-86.7;-86.6;-87.0;-87.0;-86.4;-86.7;-87.0;
-86.8;-86.8;-86.8;-87.1;-86.6;-87.0;-86.8;-86.7;-86.6;-86.6;-86.9;-87.0;-86.6;-86.8;-87.1;-86.9;-86.5;-87.4;-87.0;-86.7;-86.8;-86.9;-86.7;-86.8;-86.7;-86.8;-86.7;-86.7;-86.7;-86.9;-86.6;-87.0;-86.7;-86.6;-87.0;-86.9;-86.6;-86.7;-87.0;-86.8;-86.6;-86.9;-86.9;-86.6;-86.7;-86.8;-86.7;-87.1;-86.6;-86.5;-86.8;-86.8;-86.7;-86.4;-86.4;-86.9;-87.0;-86.6;-86.8;-86.7;-86.7;-86.6;-87.0;-87.0;-86.8;-86.9;-87.0;-86.6;-86.8;-86.9;-86.7;-86.9;-86.6;-86.8;-86.6;-86.7;-86.7;-86.7;-86.7;-86.8;-86.7;-87.0;-87.1;-87.2;-86.5;-87.0;-86.7;-87.0;-86.6;-86.9;-86.8;-86.8;-86.4;-86.9;-86.8;-86.8;-86.9;-87.1;-87.0;-86.7;
-87.0;-86.8;-87.1;-86.9;-86.8;-86.6;-86.8;-86.5;-86.8;-87.1;-86.6;-86.6;-87.2;-86.6;-86.8;-86.8;-86.5;-86.6;-86.8;-86.8;-86.9;-86.7;-86.8;-86.8;-86.7;-86.6;-86.7;-87.0;-86.8;-86.4;-86.9;-86.9;-86.7;-86.6;-86.5;-86.7;-86.6;-86.4;-86.9;-86.7;-86.9;-86.9;-86.6;-87.0;-86.6;-86.8;-86.6;-86.8;-86.9;-86.5;-86.6;-87.0;-87.0;-86.7;-86.4;-86.5;-86.7;-87.0;-86.5;-86.6;-86.8;-86.8;-86.5;-86.6;-86.8;-86.7;-86.5;-86.6;-86.9;-86.6;-86.7;-86.8;-86.7;-86.6;-86.8;-86.7;-86.5;-86.8;-87.1;-86.7;-86.5;-86.5;-86.7;-86.9;-86.6;-87.1;-86.9;-86.7;-86.7;-86.8;-86.6;-86.7;-86.8;-86.8;-86.7;-86.8;-86.6;-86.7;-86.8;-86.8;
-86.7;-86.9;-86.7;-86.8;-86.6;-86.7;-86.7;-86.8;-86.8;-86.9;-86.5;-86.6;-86.7;-86.8;-86.7;-86.7;-86.6;-86.5;-87.0;-86.6;-87.0;-87.0;-87.0;-86.6;-87.0;-86.7;-86.7;-86.9;-86.4;-86.7;-86.6;-86.6;-86.9;-86.9;-86.6;-86.3;-86.9;-86.7;-86.9;-87.0;-86.7;-87.1;-86.7;-87.1;-86.6;-86.4;-86.3;-86.8;-86.5;-86.9;-86.7;-86.6;-86.7;-86.6;-86.8;-86.8;-86.4;-87.2;-86.9;-87.0;-86.8;-87.1;-87.1;-86.9;-86.7;-86.6;-86.6;-86.6;-86.9;-86.7;-86.5;-86.9;-87.0;-87.2;-86.6;-86.7;-86.8;-86.8;-86.4;-86.7;-86.5;-87.2;-87.0;-86.6;-86.6;-86.8;-86.6;-86.9;-86.6;-86.7;-86.5;-86.6;-86.7;-86.6;-86.6;-86.5;-86.6;-86.9;-86.6;-86.6;
-86.8;-86.8;-87.0;-86.8;-86.6;-86.9;-86.8;-86.7;-86.8;-86.6;-86.6;-86.6;-87.0;-87.0;-87.0;-86.9;-87.1;-86.8;-86.5;-86.4;-87.0;-86.8;-86.7;-86.5;-86.5;-86.7;-86.6;-86.8;-86.6;-86.4;-86.6;-86.7;-86.9;-86.7;-86.6;-86.8;-86.5;-87.0;-86.8;-86.7;-87.0;-86.8;-86.7;-86.8;-86.7;-86.8;-86.6;-86.9;-86.7;-86.6;-87.1;-86.7;-86.6;-86.7;-87.1;-86.4;-86.8;-86.6;-86.8;-86.9;-86.7;-86.9;-87.0;-86.9;-86.8;-87.0;-86.9;-86.7;-86.4;-86.9;-86.6;-87.0;-86.9;-86.9;-87.1;-86.8;-86.8;-86.7;-86.5;-87.0;-87.0;-86.8;-86.8;-86.8;-86.7;-86.7;-86.6;-86.7;-86.6;-86.8;-86.9;-86.9;-86.7;-86.7;-87.1;-86.8;-86.8;-86.6;-86.5;-86.9;
-86.9;-86.7;-87.0;-87.0;-87.2;-86.6;-86.6;-86.8;-86.6;-87.0;-86.9;-86.8;-86.8;-86.6;-86.9;-86.3;-87.1;-86.6;-86.7;-86.7;-86.5;-86.5;-87.3;-86.7;-86.5;-86.9;-86.8;-86.8;-86.7;-86.7;-86.6;-86.9;-86.8;-86.6;-86.7;-86.9;-86.7;-86.5;-86.8;-86.7;-86.7;-87.0;-86.9;-87.0;-86.9;-87.0;-86.3;-86.6;-87.0;-86.6;-86.8;-86.5;-86.8;-86.7;-86.9;-86.6;-86.7;-87.2;-86.5;-86.7;-86.8;-86.5;-86.6;-86.7;-86.7;-87.1;-86.8;-86.8;-87.0;-86.8;-86.6;-86.7;-86.8;-86.9;-86.8;-86.8;-87.0;-86.7;-86.6;-87.0;-86.6;-86.7;-86.7;-86.6;-86.6;-86.7;-86.6;-86.7;-86.6;-86.5;-86.9;-86.4;-86.7;-86.6;-86.8;-86.7;-86.5;-87.0;-86.7;-86.8;
-86.6;-86.5;-87.1;-86.9;-86.6;-86.9;-86.8;-86.7;-86.5;-86.6;-86.7;-86.5;-86.7;-86.5;-87.0;-86.8;-86.7;-87.0;-86.6;-86.3;-87.0;-86.8;-86.8;-86.4;-86.6;-86.8;-86.6;-87.0;-86.9;-86.9;-86.9;-86.8;-86.7;-87.2;-86.9;-87.0;-86.6;-86.8;-86.6;-86.8;-87.0;-86.9;-86.6;-86.7;-86.5;-86.9;-87.0;-86.7;-86.4;-86.8;-86.9;-86.5;-86.9;-86.7;-86.8;-86.9;-86.6;-86.3;-86.8;-87.0;-86.9;-87.2;-86.8;-86.8;-86.7;-86.5;-86.6;-86.6;-86.6;-86.8;-86.8;-86.7;-86.9;-86.6;-86.9;-86.6;-86.9;-86.8;-86.7;-86.7;-86.6;-86.7;-86.6;-86.9;-86.7;-86.8;-86.7;-86.6;-86.5;-86.6;-86.9;-86.8;-86.8;-86.7;-86.8;-86.8;-86.9;-86.6;-86.9;-86.9;
-86.7;-86.9;-86.7;-86.7;-86.6;-86.7;-86.9;-86.6;-87.0;-87.1;-86.4;-86.6;-86.7;-86.7;-86.8;-86.7;-87.1;-86.7;-86.8;-86.5;-86.9;-86.6;-87.2;-86.6;-87.1;-86.7;-86.8;-87.0;-86.9;-86.8;-86.6;-86.8;-86.5;-86.7;-86.5;-87.0;-86.6;-87.1;-87.0;-86.6;-86.7;-86.6;-86.7;-86.7;-86.6;-86.7;-86.9;-86.8;-87.0;-86.9;-86.8;-86.7;-87.2;-86.8;-86.7;-86.8;-86.8;-87.0;-86.6;-87.0;-86.6;-86.8;-86.7;-86.6;-86.7;-86.9;-86.5;-86.8;-86.5;-86.6;-86.9;-86.5;-86.6;-86.9;-86.6;-86.9;-86.7;-87.0;-86.8;-86.7;-86.8;-86.9;-86.8;-87.0;-87.3;-87.0;-86.7;-86.8;-86.8;-86.5;-86.7;-86.7;-86.6;-86.8;-86.6;-86.7;-86.6;-86.8;-86.9;-86.7;
-86.6;-87.2;-86.7;-86.8;-86.6;-86.7;-87.1;-86.4;-87.1;-86.8;-86.7;-86.6;-86.9;-86.9;-86.9;-86.7;-86.9;-86.8;-86.8;-86.7;-86.7;-86.5;-86.6;-86.8;-86.6;-86.7;-86.6;-86.8;-86.7;-86.9;-86.6;-86.8;-86.7;-86.7;-87.2;-86.6;-86.7;-86.4;-87.0;-87.1;-86.9;-86.8;-86.8;-86.5;-86.9;-86.7;-86.6;-86.7;-86.6;-86.6;-86.8;-86.6;-87.1;-86.9;-86.8;-86.5;-86.9;-86.9;-86.9;-86.6;-86.8;-86.9;-86.7;-86.4;-86.7;-86.7;-86.6;-86.8;-86.7;-87.1;-86.8;-86.5;-86.7;-86.8;-86.7;-86.9;-86.9;-86.8;-86.8;-86.4;-86.8;-86.8;-86.9;-86.6;-86.8;-86.7;-86.7;-86.5;-86.9;-86.8;-86.9;-86.9;-87.1;-86.6;-87.0;-86.8;-86.7;-86.7;-86.7;-86.8;
-86.7;-86.6;-86.7;-86.7;-86.8;-87.3;-86.7;-86.8;-86.9;-86.8;-87.0;-86.6;-86.4;-86.7;-86.7;-86.6;-86.7;-86.8;-86.6;-86.7;-86.8;-86.7;-86.8;-87.0;-86.6;-86.8;-86.9;-86.7;-86.8;-87.0;-87.1;-86.7;-86.9;-87.0;-86.8;-87.1;-86.8;-86.9;-86.5;-86.8;-87.2;-86.7;-86.8;-86.8;-86.8;-86.8;-86.8;-86.7;-86.7;-87.0;-86.6;-86.7;-86.6;-86.9;-86.6;-86.7;-87.0;-87.0;-86.8;-87.0;-86.9;-86.5;-86.9;-87.1;-86.9;-86.8;-86.8;-86.8;-87.0;-86.8;-87.1;-86.7;-86.6;-86.6;-87.3;-86.4;-86.8;-87.0;-87.2;-86.7;-86.7;-86.7;-87.2;-86.5;-87.1;-86.9;-87.0;-87.0;-87.1;-86.7;-86.7;-86.5;-86.7;-86.8;-86.7;-86.9;-86.9;-87.0;-86.8;-86.7;
-86.7;-86.7;-87.0;-86.8;-86.7;-86.6;-86.6;-86.7;-86.7;-86.9;-86.9;-86.7;-86.7;-86.3;-87.1;-86.8;-86.4;-87.0;-86.9;-86.8;-86.8;-86.8;-86.5;-87.0;-86.8;-86.3;-86.7;-87.2;-86.7;-86.9;-86.7;-86.7;-86.8;-87.1;-86.6;-86.6;-86.6;-86.7;-87.0;-86.5;-86.8;-86.6;-86.5;-86.9;-86.9;-86.4;-86.9;-86.7;-86.7;-86.8;-86.9;-86.8;-86.9;-87.1;-87.0;-86.9;-86.6;-86.7;-87.0;-86.8;-86.9;-86.7;-86.7;-86.9;-86.7;-86.5;-87.0;-86.5;-87.1;-86.6;-86.6;-86.7;-86.6;-86.5;-86.5;-86.4;-86.7;-86.3;-86.6;-86.4;-86.7;-86.7;-86.9;-86.6;-86.5;-86.9;-86.6;-86.6;-86.7;-86.6;-86.5;-87.0;-86.9;-87.1;-86.4;-86.6;-86.8;-86.6;-86.7;-86.6;
-86.4;-86.5;-86.9;-86.9;-86.7;-87.0;-87.0;-86.8;-86.8;-86.5;-86.9;-86.7;-86.7;-86.3;-86.5;-86.8;-86.6;-86.8;-86.7;-86.5;-86.5;-87.2;-86.6;-86.6;-86.5;-86.5;-86.7;-86.8;-86.8;-86.9;-86.6;-86.6;-86.6;-86.9;-86.5;-86.9;-86.9;-86.6;-86.6;-86.4;-86.6;-86.6;-86.9;-86.7;-86.9;-87.0;-86.8;-86.6;-86.7;-86.9;-86.6;-87.0;-86.6;-86.4;-87.0;-86.7;-86.8;-86.4;-86.7;-86.6;-86.7;-86.8;-86.8;-86.7;-86.9;-86.6;-86.7;-86.8;-86.9;-86.8;-87.0;-86.8;-86.8;-86.5;-86.9;-86.6;-86.6;-86.9;-86.8;-86.5;-86.7;-86.7;-86.7;-87.0;-86.6;-86.8;-87.0;-86.6;-86.4;-86.4;-86.7;-86.6;-86.9;-86.8;-86.5;-87.0;-86.6;-86.8;-86.7;-86.5;
-87.2;-87.0;-86.6;-86.6;-86.9;-87.0;-86.9;-85.1;-86.8;-86.7;-86.8;-86.6;-87.0;-86.7;-86.8;-87.0;-86.7;-87.0;-86.8;-86.5;-86.9;-87.0;-86.8;-86.7;-86.6;-86.4;-86.5;-86.9;-86.6;-86.5;-86.7;-86.7;-86.6;-86.6;-86.7;-86.5;-86.7;-86.9;-86.7;-86.9;-86.9;-86.9;-87.2;-86.7;-87.0;-86.9;-86.6;-86.9;-86.9;-86.5;-86.8;-86.9;-86.9;-86.6;-87.3;-87.0;-86.9;-86.8;-86.7;-86.9;-86.8;-86.6;-86.9;-86.7;-86.8;-87.1;-86.6;-86.7;-86.6;-86.8;-86.6;-86.7;-86.9;-86.7;-86.5;-86.6;-86.9;-86.7;-86.9;-86.9;-86.8;-86.8;-86.8;-86.8;-86.6;-86.7;-86.7;-86.9;-86.7;-86.6;-86.5;-86.9;-86.9;-86.9;-87.0;-86.6;-86.6;-86.6;-86.8;-86.9;
-87.0;-86.8;-87.0;-86.7;-86.9;-86.7;-86.6;-85.8;-86.9;-86.8;-87.3;-86.8;-86.6;-86.5;-86.9;-86.6;-86.9;-86.7;-86.9;-86.6;-86.6;-86.9;-86.6;-86.6;-86.8;-86.6;-86.7;-86.9;-86.7;-87.0;-86.6;-86.9;-87.0;-86.6;-86.6;-87.1;-87.0;-86.8;-86.7;-86.3;-86.8;-86.7;-87.0;-86.6;-86.9;-86.8;-86.7;-86.6;-86.7;-86.9;-87.0;-86.7;-86.6;-86.8;-86.8;-86.9;-86.8;-86.6;-86.8;-86.7;-86.9;-86.9;-86.8;-86.7;-86.6;-86.9;-86.9;-86.9;-86.9;-86.3;-86.7;-86.8;-86.7;-86.4;-87.0;-86.7;-86.9;-86.7;-86.7;-86.8;-86.4;-87.0;-86.4;-86.7;-86.6;-86.8;-86.9;-86.8;-86.5;-86.7;-86.5;-86.9;-86.6;-86.9;-86.9;-86.9;-86.7;-86.8;-86.7;-86.7;
-86.5;-86.6;-86.5;-86.6;-86.8;-86.6;-86.5;-81.4;-86.5;-86.7;-87.0;-86.8;-86.7;-86.7;-86.6;-86.9;-86.8;-86.8;-86.5;-86.5;-86.5;-86.8;-86.7;-86.4;-86.5;-86.9;-87.0;-86.4;-86.6;-86.7;-86.6;-86.8;-87.0;-86.9;-86.7;-86.6;-86.6;-86.7;-86.7;-86.8;-86.4;-87.0;-86.9;-86.6;-86.7;-86.8;-86.5;-86.8;-86.6;-87.0;-86.5;-86.8;-87.0;-86.7;-86.5;-86.8;-86.7;-86.7;-86.9;-86.7;-86.7;-86.8;-87.0;-86.8;-86.7;-86.7;-86.8;-87.2;-86.7;-86.9;-86.8;-86.5;-87.1;-86.8;-86.9;-86.4;-86.6;-86.7;-86.8;-86.7;-86.7;-86.5;-86.9;-86.7;-86.8;-86.9;-86.5;-86.8;-86.8;-86.8;-87.0;-86.6;-86.5;-87.0;-86.9;-86.7;-86.9;-86.6;-86.8;-86.8;
-86.7;-86.6;-87.0;-86.6;-86.9;-86.7;-86.7;-81.7;-86.8;-86.8;-86.7;-87.0;-86.6;-86.8;-86.7;-86.5;-86.4;-86.8;-87.0;-86.5;-86.7;-86.8;-86.7;-86.9;-86.7;-86.8;-86.7;-86.5;-86.7;-86.8;-86.8;-87.0;-86.8;-86.9;-86.8;-86.5;-86.8;-86.7;-86.5;-86.5;-86.8;-86.7;-86.8;-86.8;-86.5;-86.7;-86.6;-86.9;-86.9;-86.8;-86.9;-86.7;-87.4;-86.8;-86.8;-86.9;-86.6;-86.5;-86.8;-86.9;-86.7;-86.8;-86.6;-87.0;-86.5;-86.7;-86.7;-86.5;-87.0;-87.0;-86.9;-87.0;-86.7;-86.6;-86.7;-87.2;-86.9;-86.6;-86.5;-86.4;-86.8;-86.6;-86.9;-86.9;-87.0;-86.5;-86.5;-87.0;-86.8;-86.5;-86.9;-86.9;-86.5;-86.7;-86.9;-86.6;-86.5;-86.9;-86.6;-86.6;
-86.5;-86.5;-86.8;-86.8;-86.7;-87.2;-86.7;-85.3;-86.9;-86.6;-87.1;-86.7;-86.4;-86.9;-87.0;-86.7;-86.8;-86.9;-86.8;-86.8;-87.0;-86.7;-86.9;-86.6;-86.9;-86.9;-86.4;-86.7;-86.8;-86.7;-86.9;-86.9;-86.8;-86.8;-86.6;-86.7;-86.7;-86.9;-86.8;-87.0;-86.8;-86.9;-86.8;-86.8;-87.0;-86.6;-86.9;-86.9;-86.5;-87.1;-86.6;-86.6;-86.8;-86.5;-86.8;-86.6;-86.7;-87.0;-86.9;-86.9;-87.1;-87.2;-87.0;-86.3;-86.8;-86.7;-86.7;-87.0;-86.9;-86.6;-86.9;-87.0;-86.7;-86.7;-86.8;-86.6;-86.9;-86.8;-86.6;-86.8;-86.6;-86.8;-87.0;-86.7;-86.8;-86.6;-86.6;-87.0;-86.5;-86.7;-86.8;-87.1;-87.3;-87.0;-86.8;-86.6;-86.8;-87.0;-86.4;-86.5;
-86.8;-86.9;-86.5;-87.0;-86.9;-86.7;-86.5;-84.6;-86.8;-86.8;-87.0;-86.7;-86.8;-86.7;-86.9;-87.0;-86.9;-86.7;-86.9;-86.9;-86.9;-86.8;-86.7;-86.5;-87.0;-86.6;-86.6;-86.7;-86.5;-86.5;-86.8;-86.5;-87.0;-87.1;-86.9;-86.9;-86.7;-86.6;-87.0;-86.8;-87.0;-86.7;-86.5;-87.1;-86.9;-86.8;-86.9;-86.7;-86.7;-86.9;-87.0;-86.7;-86.7;-87.0;-87.0;-86.7;-86.8;-86.9;-86.7;-86.9;-86.9;-86.6;-86.6;-87.0;-86.8;-86.6;-86.8;-86.9;-86.9;-86.7;-86.8;-87.0;-86.6;-86.7;-87.1;-86.7;-86.8;-86.8;-86.9;-87.1;-86.6;-86.8;-87.3;-86.6;-86.7;-86.5;-86.8;-86.5;-86.5;-86.8;-87.1;-86.7;-86.8;-86.4;-86.8;-86.4;-86.6;-87.2;-86.6;-87.1;
-86.7;-86.8;-86.5;-86.6;-86.8;-86.9;-87.0;-86.5;-86.7;-86.9;-87.1;-86.8;-87.0;-86.7;-86.7;-86.7;-86.7;-86.9;-86.8;-86.6;-86.9;-86.8;-86.6;-87.0;-86.8;-86.7;-86.8;-86.6;-86.4;-87.0;-86.8;-86.7;-87.0;-87.1;-86.7;-86.8;-87.1;-86.7;-86.4;-86.7;-86.7;-86.9;-86.5;-86.8;-86.6;-86.4;-87.1;-86.8;-86.8;-86.9;-86.8;-87.0;-86.6;-87.0;-86.6;-86.9;-86.8;-86.5;-86.5;-86.7;-86.8;-86.8;-86.9;-86.9;-86.7;-86.7;-86.6;-86.7;-86.7;-86.8;-86.7;-87.0;-86.9;-87.0;-86.9;-86.9;-86.5;-86.7;-86.6;-86.6;-86.9;-86.6;-86.6;-86.7;-86.7;-86.8;-86.9;-86.7;-86.8;-86.8;-87.0;-87.1;-86.9;-86.5;-86.6;-86.9;-86.8;-86.9;-87.0;-86.4;
-86.9;-86.5;-86.7;-86.6;-86.7;-86.6;-86.9;-84.7;-86.5;-86.5;-86.7;-86.7;-86.7;-86.7;-86.8;-86.5;-86.9;-86.7;-87.0;-86.6;-86.9;-86.5;-86.7;-86.6;-86.7;-86.6;-86.8;-86.7;-86.5;-86.8;-86.6;-86.9;-86.8;-86.9;-87.0;-86.8;-86.6;-86.6;-86.4;-86.6;-86.5;-86.6;-86.7;-86.5;-86.6;-86.7;-86.5;-86.8;-86.4;-86.9;-86.6;-87.0;-86.6;-86.5;-86.6;-86.5;-86.5;-86.8;-86.6;-86.8;-86.5;-86.9;-87.0;-86.5;-86.9;-86.4;-87.5;-86.4;-86.6;-86.7;-86.8;-87.0;-86.8;-86.4;-86.7;-86.6;-86.6;-86.5;-86.8;-86.9;-86.4;-86.5;-86.5;-86.9;-86.7;-86.6;-86.5;-86.7;-86.9;-86.6;-86.7;-87.0;-86.7;-86.7;-86.4;-87.0;-86.6;-86.9;-86.6;-86.6;
-86.6;-86.6;-86.7;-87.0;-86.8;-86.6;-86.7;-86.6;-87.0;-86.8;-86.8;-86.7;-87.0;-86.9;-86.7;-86.8;-86.8;-86.8;-86.7;-86.8;-86.5;-86.9;-86.6;-86.8;-86.6;-86.7;-86.6;-86.9;-86.7;-86.9;-86.6;-86.6;-86.8;-87.0;-86.8;-86.7;-87.0;-86.8;-86.9;-86.6;-86.6;-86.4;-87.0;-86.6;-86.6;-86.8;-87.1;-86.7;-86.7;-86.6;-86.8;-86.7;-86.7;-86.4;-86.8;-87.1;-86.7;-87.0;-86.9;-86.7;-86.7;-86.8;-86.6;-87.1;-86.6;-86.7;-86.6;-86.7;-86.6;-87.1;-87.0;-86.7;-86.8;-86.8;-86.7;-86.5;-86.7;-86.8;-86.6;-86.7;-86.7;-86.9;-86.4;-86.7;-87.0;-86.7;-86.7;-86.5;-86.6;-86.8;-86.7;-86.8;-86.6;-86.9;-86.5;-86.9;-86.9;-87.0;-86.6;-86.7;
-86.9;-86.7;-86.7;-86.6;-86.5;-86.9;-86.8;-82.5;-86.7;-87.0;-86.9;-86.6;-86.7;-86.8;-86.9;-86.9;-86.7;-86.7;-86.8;-86.8;-87.2;-86.8;-86.9;-86.6;-86.9;-86.8;-86.8;-87.0;-86.7;-86.9;-86.8;-87.0;-86.9;-86.9;-86.7;-86.9;-86.7;-86.7;-87.0;-86.8;-86.9;-86.6;-86.8;-86.9;-86.8;-86.7;-86.7;-86.8;-86.8;-86.5;-87.1;-86.6;-86.5;-86.9;-86.9;-86.8;-86.8;-86.9;-86.9;-86.8;-87.0;-86.9;-86.9;-86.5;-86.8;-86.4;-86.7;-86.5;-86.5;-87.1;-86.8;-87.0;-87.0;-86.8;-86.7;-86.6;-86.9;-86.4;-87.0;-86.7;-86.7;-86.6;-87.0;-86.5;-86.9;-86.5;-86.9;-86.7;-86.9;-86.7;-86.7;-86.7;-86.8;-86.7;-86.6;-86.8;-86.8;-86.6;-86.8;-86.6;
-86.9;-86.7;-87.1;-86.7;-86.6;-86.5;-87.0;-86.4;-86.9;-86.7;-86.6;-86.7;-86.7;-86.7;-86.8;-86.6;-87.1;-86.7;-86.5;-86.4;-87.0;-86.7;-86.6;-86.8;-87.0;-86.8;-86.5;-86.5;-86.6;-86.9;-86.9;-86.4;-86.6;-86.6;-86.5;-86.9;-86.7;-86.6;-86.6;-87.0;-86.9;-86.7;-86.9;-86.8;-86.4;-86.8;-86.9;-86.8;-86.7;-86.5;-86.7;-86.6;-86.8;-86.7;-86.7;-86.5;-86.6;-86.7;-86.6;-86.7;-86.7;-86.6;-86.7;-86.7;-86.6;-86.8;-86.5;-86.8;-87.0;-86.5;-87.1;-86.8;-86.9;-86.8;-86.6;-86.9;-86.8;-86.7;-86.9;-86.5;-87.1;-86.8;-86.8;-86.7;-86.6;-87.0;-86.7;-86.8;-86.7;-86.9;-87.2;-86.8;-86.5;-86.9;-86.8;-86.7;-86.7;-86.6;-86.6;-87.0;
-86.7;-87.0;-86.9;-86.4;-86.8;-86.6;-86.9;-84.5;-86.8;-87.0;-86.9;-86.8;-86.7;-86.7;-86.7;-86.4;-86.6;-86.9;-86.7;-86.7;-87.1;-86.7;-86.5;-86.8;-86.6;-86.7;-86.7;-86.9;-86.9;-87.0;-86.7;-87.1;-86.7;-86.8;-86.7;-86.7;-87.0;-86.8;-87.2;-86.7;-86.5;-86.8;-86.6;-86.6;-86.9;-86.9;-86.6;-87.1;-86.5;-86.8;-86.6;-86.6;-86.5;-86.8;-86.4;-86.9;-86.5;-86.7;-86.6;-86.3;-86.4;-86.8;-86.9;-86.8;-87.0;-86.7;-87.0;-86.5;-86.5;-86.8;-86.8;-86.6;-86.9;-86.6;-86.9;-86.7;-87.1;-86.9;-86.7;-86.9;-86.8;-86.4;-86.9;-86.9;-86.9;-86.6;-86.8;-86.3;-86.7;-86.6;-86.8;-86.4;-86.5;-86.7;-86.8;-87.2;-86.9;-87.1;-86.5;-86.5;
-86.8;-86.8;-86.9;-86.6;-86.5;-87.0;-86.7;-86.8;-86.6;-86.8;-86.8;-86.9;-86.8;-86.8;-86.6;-86.4;-86.9;-86.9;-86.7;-87.1;-87.0;-87.0;-86.8;-86.8;-86.7;-86.6;-86.7;-86.6;-86.6;-86.9;-86.7;-86.8;-86.9;-86.7;-86.6;-86.6;-87.0;-86.8;-86.8;-86.8;-87.4;-87.0;-86.7;-86.9;-86.8;-86.9;-87.1;-86.5;-86.9;-86.9;-86.8;-87.0;-86.7;-86.7;-87.0;-86.9;-86.9;-87.0;-86.9;-86.6;-87.0;-86.7;-86.9;-86.9;-86.8;-86.5;-86.7;-86.5;-86.6;-86.7;-86.6;-86.8;-86.8;-87.0;-86.9;-87.0;-86.7;-87.0;-86.8;-86.7;-86.9;-87.0;-86.9;-86.8;-87.1;-86.9;-86.4;-86.9;-86.7;-86.7;-86.8;-86.8;-86.8;-86.5;-86.7;-86.8;-87.0;-86.6;-86.6;-86.7;
-86.7;-86.7;-86.7;-86.6;-87.0;-87.1;-86.8;-86.5;-86.8;-86.8;-86.5;-86.6;-87.2;-86.6;-87.0;-86.9;-86.8;-86.3;-86.9;-86.9;-86.6;-86.8;-86.9;-86.9;-86.7;-86.7;-86.4;-86.7;-86.8;-86.8;-86.9;-86.8;-86.7;-87.0;-87.0;-86.8;-87.0;-86.7;-86.6;-86.6;-87.1;-86.9;-86.6;-86.5;-86.8;-86.6;-86.8;-86.6;-86.7;-86.4;-86.9;-86.4;-87.0;-86.6;-86.8;-87.0;-87.0;-86.8;-87.0;-86.4;-86.6;-86.3;-86.9;-86.7;-87.1;-86.9;-87.1;-86.6;-87.0;-86.7;-86.7;-86.9;-86.5;-86.7;-86.6;-86.7;-86.8;-86.7;-86.5;-86.6;-87.0;-86.8;-86.9;-86.8;-86.7;-86.7;-86.9;-87.1;-86.8;-86.8;-86.8;-86.6;-87.0;-87.1;-86.8;-86.4;-86.6;-86.9;-86.8;-86.6;
-86.5;-86.8;-86.6;-86.8;-86.9;-86.7;-86.8;-84.9;-87.1;-87.3;-86.8;-86.5;-86.7;-86.6;-86.7;-86.8;-87.0;-87.0;-86.7;-87.1;-86.8;-86.8;-86.7;-86.8;-86.8;-86.8;-86.6;-86.7;-86.8;-86.7;-86.7;-86.8;-86.7;-86.9;-86.7;-86.8;-87.0;-86.6;-86.9;-86.6;-86.8;-86.6;-86.5;-86.6;-87.1;-86.9;-86.7;-86.8;-86.9;-87.1;-86.7;-86.5;-86.9;-86.9;-86.9;-86.7;-86.6;-87.1;-86.9;-86.9;-86.7;-87.0;-86.9;-86.7;-87.2;-87.2;-86.7;-86.9;-86.8;-86.9;-86.7;-86.7;-86.6;-86.7;-86.9;-86.8;-86.8;-86.8;-86.8;-87.0;-87.0;-87.2;-86.9;-86.9;-86.8;-86.6;-86.8;-86.7;-86.4;-86.7;-86.8;-86.7;-86.9;-87.1;-86.8;-86.8;-86.8;-86.9;-86.7;-86.6;
-86.7;-86.8;-86.6;-87.0;-86.6;-86.8;-87.0;-83.5;-86.8;-86.8;-86.7;-86.7;-86.8;-86.6;-87.1;-86.7;-87.1;-86.8;-86.7;-86.8;-86.6;-86.8;-86.6;-87.2;-86.9;-86.9;-86.3;-87.0;-86.6;-86.9;-86.8;-86.8;-87.0;-86.7;-86.7;-86.8;-86.9;-86.7;-87.0;-86.7;-86.9;-86.9;-86.6;-86.5;-86.6;-86.9;-86.7;-87.0;-87.2;-86.9;-87.0;-86.7;-86.7;-86.8;-87.0;-86.5;-86.7;-86.9;-86.7;-86.9;-86.7;-86.7;-86.9;-86.7;-87.0;-86.8;-87.2;-86.9;-86.8;-86.7;-86.9;-86.5;-87.0;-86.7;-86.7;-86.8;-86.8;-86.9;-86.9;-86.7;-86.6;-86.8;-86.5;-87.1;-86.6;-86.6;-86.8;-86.6;-86.8;-86.5;-86.8;-87.0;-86.7;-86.8;-86.7;-86.6;-86.8;-86.9;-86.7;-86.7;
-86.7;-86.7;-86.6;-86.6;-86.9;-86.6;-86.8;-86.2;-86.8;-86.8;-86.8;-86.8;-86.4;-86.7;-86.7;-86.6;-86.8;-87.2;-86.8;-86.9;-86.9;-86.6;-86.6;-86.6;-87.1;-86.5;-86.3;-86.8;-86.8;-86.8;-87.1;-86.8;-86.8;-87.0;-86.9;-86.8;-86.7;-86.4;-86.9;-86.6;-86.8;-86.8;-86.6;-86.7;-87.0;-86.9;-86.7;-87.1;-86.9;-86.6;-86.5;-86.5;-86.6;-86.9;-87.0;-86.8;-86.7;-86.5;-86.6;-86.7;-86.6;-87.2;-86.7;-86.7;-87.0;-86.9;-86.9;-86.4;-86.8;-86.8;-86.8;-87.1;-86.9;-86.6;-87.2;-86.8;-86.8;-86.6;-86.8;-86.8;-86.7;-87.0;-86.8;-86.9;-86.6;-86.9;-86.6;-87.2;-87.0;-86.6;-86.9;-87.0;-86.7;-87.0;-86.5;-86.8;-86.6;-86.7;-86.9;-87.0;
-87.4;-86.9;-86.9;-86.8;-86.8;-86.6;-86.5;-86.1;-86.7;-86.9;-86.9;-86.6;-87.0;-87.1;-86.6;-86.6;-86.9;-86.8;-86.6;-86.5;-87.0;-86.9;-86.8;-86.9;-86.5;-86.5;-86.8;-86.9;-86.9;-86.8;-86.7;-86.8;-86.5;-86.6;-86.6;-86.7;-86.5;-86.6;-86.6;-86.6;-86.8;-86.8;-86.8;-86.9;-86.8;-87.0;-86.7;-86.9;-87.0;-86.9;-87.0;-86.9;-86.7;-87.1;-86.6;-86.6;-86.9;-86.6;-86.7;-86.5;-86.7;-86.5;-86.6;-86.5;-86.9;-86.8;-86.6;-86.4;-86.9;-86.7;-87.0;-86.4;-86.7;-87.0;-86.7;-86.8;-86.7;-86.8;-86.8;-86.8;-86.8;-86.9;-87.0;-86.8;-86.7;-86.7;-86.8;-87.0;-86.9;-87.0;-86.7;-86.6;-87.0;-86.7;-86.8;-86.7;-86.5;-86.9;-86.9;-86.6;
-86.3;-87.1;-87.0;-86.6;-86.7;-87.0;-86.7;-85.2;-86.8;-87.1;-87.1;-86.7;-87.3;-86.6;-86.5;-87.1;-86.8;-86.6;-86.7;-87.0;-87.0;-86.8;-86.8;-86.6;-86.7;-87.2;-86.5;-86.7;-86.4;-86.7;-86.4;-86.9;-86.6;-86.6;-86.9;-86.7;-86.6;-86.5;-86.8;-87.1;-86.8;-86.7;-86.8;-86.9;-87.1;-86.7;-86.8;-86.8;-87.0;-86.7;-87.3;-86.8;-86.6;-86.7;-86.6;-86.6;-86.8;-86.6;-86.8;-86.6;-86.9;-86.6;-86.7;-87.4;-87.0;-86.9;-86.8;-86.6;-86.7;-86.6;-86.5;-86.7;-87.1;-86.7;-86.8;-86.9;-86.6;-86.8;-86.9;-86.8;-86.6;-86.3;-86.9;-86.7;-86.8;-86.8;-87.0;-86.8;-86.7;-86.8;-86.7;-86.9;-87.1;-87.0;-86.8;-87.3;-87.0;-86.7;-86.7;-86.9;
-86.7;-86.9;-86.2;-86.8;-86.7;-86.7;-86.7;-85.3;-86.7;-86.9;-86.7;-86.7;-86.7;-86.5;-86.7;-86.8;-86.7;-87.0;-86.7;-87.2;-86.7;-86.9;-86.6;-86.6;-86.7;-86.8;-86.8;-86.7;-86.6;-86.9;-86.7;-86.9;-86.7;-87.1;-86.9;-86.6;-86.7;-86.6;-86.8;-86.6;-86.4;-87.1;-87.1;-86.8;-86.5;-86.9;-86.6;-86.8;-86.6;-86.7;-86.5;-87.0;-86.7;-86.8;-86.7;-86.6;-86.8;-86.8;-86.8;-86.9;-87.0;-86.6;-86.7;-86.9;-86.8;-86.9;-87.1;-86.8;-87.0;-87.0;-86.8;-87.0;-86.9;-86.8;-86.7;-87.2;-86.9;-86.7;-86.8;-86.6;-87.2;-86.8;-86.8;-87.0;-86.7;-86.9;-86.6;-86.8;-86.8;-86.9;-86.7;-86.8;-86.9;-87.0;-86.8;-86.9;-86.7;-86.9;-87.0;-86.6;
-86.5;-87.0;-87.0;-86.9;-86.8;-86.8;-86.6;-87.0;-86.5;-86.7;-87.0;-86.8;-86.9;-86.8;-86.9;-86.6;-86.6;-86.7;-87.1;-86.8;-86.5;-86.9;-86.9;-86.9;-86.5;-86.7;-86.9;-86.7;-86.8;-86.5;-87.0;-86.9;-86.4;-87.0;-87.0;-86.7;-86.6;-86.6;-87.0;-86.8;-86.9;-87.0;-86.6;-86.8;-86.6;-86.8;-86.8;-86.9;-86.8;-86.7;-86.9;-86.8;-86.7;-86.7;-86.6;-86.7;-86.7;-86.7;-86.8;-86.7;-86.7;-86.7;-86.9;-86.6;-86.9;-86.8;-86.9;-86.9;-86.6;-86.8;-86.6;-86.9;-86.7;-86.9;-86.7;-86.9;-86.9;-87.0;-86.9;-86.8;-87.0;-86.7;-86.6;-86.7;-86.9;-86.6;-86.8;-87.3;-86.8;-86.6;-86.9;-86.4;-86.6;-86.8;-86.8;-86.9;-86.7;-86.9;-86.8;-86.8;
-86.8;-86.8;-86.9;-86.9;-86.6;-86.7;-86.5;-85.9;-86.6;-87.1;-86.6;-86.7;-86.7;-86.9;-86.9;-86.7;-86.7;-86.6;-86.8;-86.4;-87.0;-86.8;-87.1;-87.1;-86.6;-86.7;-86.9;-86.8;-86.5;-87.0;-86.5;-86.9;-86.5;-86.8;-86.6;-86.7;-86.7;-86.8;-86.8;-86.7;-86.9;-86.8;-86.5;-86.6;-86.7;-86.6;-86.8;-86.6;-86.6;-86.8;-86.6;-86.8;-86.7;-87.0;-86.7;-86.9;-86.5;-87.1;-86.8;-86.9;-87.0;-86.7;-86.7;-86.6;-86.6;-86.9;-87.0;-86.5;-86.7;-86.8;-86.9;-86.8;-87.1;-86.9;-86.5;-86.9;-87.0;-86.6;-86.5;-86.8;-86.7;-86.9;-86.8;-86.8;-86.8;-86.9;-86.5;-86.9;-86.6;-86.9;-86.8;-86.7;-86.9;-86.6;-86.3;-87.1;-86.8;-87.0;-86.9;-86.9;
-86.8;-86.7;-86.6;-87.1;-86.7;-86.9;-86.5;-86.5;-86.8;-87.2;-86.7;-86.8;-87.4;-86.4;-86.9;-87.0;-87.0;-86.6;-86.9;-86.8;-87.0;-86.9;-86.8;-86.5;-86.7;-86.6;-86.3;-86.7;-87.0;-87.0;-86.7;-86.9;-86.7;-86.6;-86.6;-86.7;-86.6;-87.1;-87.2;-86.5;-86.6;-86.8;-86.7;-86.7;-86.9;-86.7;-86.6;-87.0;-87.1;-87.0;-86.8;-86.8;-86.9;-86.6;-86.7;-87.1;-86.7;-86.9;-86.7;-87.0;-87.0;-86.7;-87.1;-86.8;-86.7;-86.6;-86.8;-86.7;-86.8;-86.9;-86.7;-86.6;-86.8;-87.0;-86.8;-86.8;-86.7;-86.6;-86.9;-86.9;-86.8;-86.5;-87.0;-86.7;-86.8;-86.8;-86.5;-86.6;-86.7;-86.5;-87.0;-86.5;-86.7;-86.7;-86.8;-86.9;-86.8;-86.8;-86.9;-87.0;
-86.8;-86.8;-86.8;-86.6;-86.8;-86.9;-86.9;-86.7;-86.5;-86.7;-86.8;-86.6;-86.7;-86.6;-86.8;-86.9;-87.0;-86.7;-86.8;-86.6;-86.7;-86.8;-86.6;-86.7;-86.7;-86.8;-86.7;-86.9;-86.6;-86.9;-86.7;-86.8;-87.0;-86.7;-86.6;-87.0;-86.8;-86.6;-86.6;-86.8;-87.0;-86.9;-86.5;-86.9;-86.7;-86.8;-86.7;-87.0;-86.3;-86.6;-86.7;-86.8;-86.9;-86.7;-86.8;-86.8;-86.7;-87.0;-87.1;-86.6;-86.6;-86.7;-87.0;-86.6;-86.5;-86.7;-86.6;-86.8;-86.7;-86.9;-86.8;-87.0;-86.8;-86.9;-86.9;-86.9;-86.7;-86.5;-86.8;-86.9;-86.6;-86.8;-86.6;-86.8;-87.0;-86.8;-86.7;-87.0;-86.8;-86.8;-86.8;-87.0;-86.8;-86.7;-87.1;-86.8;-86.9;-87.0;-86.9;-86.8;
-86.8;-86.7;-87.0;-86.4;-86.1;-86.6;-86.8;-77.4;-86.8;-86.7;-87.0;-87.1;-87.1;-86.5;-87.2;-86.6;-87.2;-86.8;-86.6;-86.3;-86.8;-86.7;-86.5;-86.6;-87.0;-86.7;-86.9;-86.8;-86.6;-86.7;-86.6;-86.6;-86.7;-86.7;-86.5;-86.8;-86.7;-87.1;-87.0;-86.9;-87.3;-87.0;-86.7;-86.8;-86.6;-86.7;-86.5;-86.7;-86.7;-87.0;-86.5;-86.9;-86.9;-86.8;-86.7;-86.6;-86.9;-86.9;-86.6;-86.6;-86.9;-86.5;-86.9;-86.6;-86.7;-87.2;-86.8;-86.5;-86.8;-86.7;-86.9;-87.1;-86.7;-86.8;-86.8;-87.1;-87.2;-87.0;-86.8;-86.8;-86.8;-86.7;-86.8;-87.1;-86.8;-86.7;-87.0;-86.9;-86.9;-86.8;-86.9;-86.8;-86.8;-86.7;-87.0;-86.7;-86.6;-86.5;-86.9;-87.2;
-86.9;-87.0;-86.7;-86.8;-86.8;-86.6;-87.0;-77.8;-86.8;-87.0;-86.8;-86.6;-86.8;-87.3;-86.8;-86.8;-86.8;-86.8;-86.8;-86.7;-86.7;-86.6;-86.7;-86.6;-86.6;-86.7;-86.7;-86.9;-86.5;-86.8;-86.8;-87.0;-86.8;-86.8;-86.6;-86.7;-87.3;-86.8;-86.7;-86.7;-87.1;-86.8;-86.9;-86.3;-86.8;-86.9;-86.9;-86.9;-86.8;-86.9;-86.7;-86.6;-87.2;-86.8;-86.7;-86.8;-86.7;-86.8;-86.7;-86.7;-86.6;-86.7;-86.8;-87.0;-86.7;-87.0;-86.6;-87.0;-86.6;-86.7;-87.0;-86.9;-87.0;-86.9;-87.0;-87.1;-86.8;-86.9;-87.2;-86.8;-87.0;-86.8;-86.4;-87.1;-87.2;-86.5;-86.9;-86.9;-87.1;-86.8;-87.0;-87.0;-86.7;-86.6;-86.6;-86.9;-86.8;-87.2;-86.6;-86.6;
-87.0;-86.9;-86.6;-86.8;-87.1;-86.7;-86.9;-81.0;-86.6;-87.0;-86.8;-86.7;-87.0;-86.9;-86.4;-86.6;-86.9;-86.6;-86.6;-87.0;-86.5;-86.7;-86.8;-87.1;-86.6;-86.8;-86.6;-86.9;-86.6;-86.9;-86.5;-87.0;-87.0;-86.7;-86.6;-87.0;-87.0;-87.1;-86.8;-86.8;-86.9;-86.8;-86.9;-86.7;-86.8;-86.9;-86.7;-86.8;-86.8;-86.7;-86.9;-86.6;-86.8;-86.7;-86.6;-86.9;-86.5;-87.1;-86.9;-86.8;-87.1;-87.0;-86.8;-86.8;-86.7;-87.0;-87.1;-86.9;-86.6;-86.7;-87.1;-86.8;-87.1;-86.7;-86.5;-86.6;-86.9;-86.9;-86.6;-86.7;-86.5;-86.7;-86.8;-86.6;-86.5;-86.9;-86.7;-86.8;-86.6;-86.5;-87.0;-86.6;-86.4;-87.0;-86.9;-86.8;-86.5;-86.8;-86.7;-86.8;
-87.0;-86.8;-86.6;-86.8;-86.5;-86.9;-86.5;-79.1;-86.9;-86.5;-86.8;-86.9;-86.8;-86.7;-86.7;-86.7;-86.7;-86.8;-87.0;-86.5;-87.0;-86.6;-86.8;-87.3;-86.5;-86.8;-86.8;-86.6;-86.3;-86.7;-86.7;-86.7;-86.4;-86.8;-86.7;-86.9;-87.0;-86.9;-86.4;-86.6;-86.9;-86.4;-87.1;-86.7;-86.9;-86.7;-86.7;-86.8;-86.5;-86.6;-86.6;-87.1;-86.4;-86.9;-86.9;-86.7;-86.7;-86.7;-87.0;-86.7;-86.8;-86.6;-86.6;-86.7;-86.5;-86.6;-86.9;-86.8;-86.9;-86.9;-86.9;-86.6;-86.7;-86.7;-87.1;-86.7;-87.0;-86.9;-86.7;-86.7;-87.0;-86.8;-87.0;-87.0;-86.8;-86.5;-86.9;-86.8;-86.7;-86.8;-86.8;-86.8;-87.1;-86.7;-87.0;-86.7;-86.9;-86.8;-86.8;-86.9;
-86.7;-86.8;-86.7;-86.8;-86.5;-86.8;-86.7;-84.4;-86.9;-86.7;-86.8;-87.1;-86.8;-86.9;-86.9;-86.5;-87.0;-86.8;-86.8;-86.7;-87.0;-86.8;-86.6;-86.7;-86.6;-86.6;-86.6;-86.8;-87.0;-86.9;-86.8;-87.0;-86.4;-87.1;-86.9;-86.6;-87.0;-86.5;-86.8;-86.6;-86.6;-86.8;-86.7;-86.7;-86.9;-86.8;-86.7;-86.7;-86.8;-87.0;-86.7;-86.8;-86.8;-86.9;-86.7;-86.4;-86.8;-86.9;-86.8;-86.7;-86.7;-86.6;-86.7;-86.4;-87.0;-87.1;-86.7;-87.0;-86.8;-86.7;-86.6;-86.4;-86.7;-86.7;-86.8;-86.6;-86.8;-86.6;-86.5;-86.7;-86.8;-86.8;-86.7;-86.7;-87.0;-86.8;-86.6;-87.1;-86.7;-87.0;-86.7;-86.6;-86.7;-86.7;-86.7;-86.6;-86.7;-86.8;-86.7;-87.0;
-86.6;-87.2;-86.7;-87.0;-86.7;-86.5;-86.6;-86.8;-87.0;-87.0;-86.9;-86.9;-86.6;-87.0;-87.1;-87.0;-86.9;-86.8;-86.7;-87.0;-86.6;-87.0;-86.6;-86.6;-86.9;-86.7;-86.6;-86.7;-86.7;-86.8;-86.7;-86.4;-86.9;-86.9;-86.8;-87.0;-86.6;-87.1;-86.6;-87.1;-86.7;-86.6;-87.1;-86.7;-86.6;-86.6;-86.8;-86.8;-86.8;-86.5;-86.5;-86.6;-86.6;-86.7;-86.7;-86.6;-87.4;-87.0;-87.1;-86.9;-87.0;-86.8;-86.6;-87.3;-86.8;-86.6;-86.8;-86.9;-86.7;-86.4;-87.0;-86.7;-87.0;-86.7;-87.1;-86.7;-87.1;-86.9;-86.9;-86.8;-86.7;-86.9;-86.6;-86.9;-86.6;-86.6;-86.9;-87.0;-86.7;-87.0;-86.7;-86.8;-86.9;-87.0;-86.6;-87.0;-87.0;-86.7;-86.7;-86.9;
-87.0;-87.2;-86.8;-86.8;-86.9;-86.7;-86.4;-84.3;-86.7;-86.9;-87.0;-87.1;-86.5;-87.0;-86.7;-86.8;-86.6;-86.9;-86.4;-86.9;-86.8;-86.9;-86.8;-87.0;-86.7;-86.7;-86.4;-86.7;-86.6;-86.8;-86.6;-87.0;-87.0;-86.8;-87.1;-86.9;-86.4;-86.9;-87.1;-86.8;-86.4;-87.1;-86.6;-87.1;-86.7;-87.3;-86.8;-86.9;-86.8;-86.5;-86.4;-86.6;-86.8;-86.8;-86.5;-86.8;-87.0;-86.9;-86.6;-86.6;-86.7;-87.0;-86.7;-86.8;-87.0;-86.3;-86.7;-86.5;-86.7;-86.9;-87.2;-86.8;-86.9;-86.8;-86.7;-87.2;-86.8;-87.0;-86.4;-87.1;-86.8;-86.5;-86.7;-86.7;-86.8;-86.8;-86.8;-86.8;-86.5;-86.7;-86.9;-86.5;-86.5;-86.6;-86.7;-86.6;-86.8;-86.7;-86.7;-86.6;
-86.6;-86.7;-87.3;-86.7;-86.8;-86.5;-87.1;-86.5;-86.8;-86.9;-86.9;-86.9;-86.7;-86.9;-86.9;-86.6;-86.7;-86.6;-86.9;-86.6;-86.7;-87.1;-86.6;-87.0;-86.9;-86.9;-86.9;-86.8;-86.8;-87.0;-86.6;-86.9;-86.6;-86.6;-86.8;-86.6;-87.0;-86.7;-87.0;-86.8;-86.5;-86.7;-86.7;-86.8;-86.8;-86.9;-87.0;-86.9;-86.7;-86.8;-86.7;-87.0;-86.6;-87.0;-86.6;-86.8;-86.7;-86.8;-86.8;-86.8;-86.7;-86.8;-86.5;-86.6;-86.7;-86.6;-86.7;-87.1;-86.7;-86.5;-86.8;-86.8;-86.9;-86.7;-86.8;-86.7;-87.1;-86.5;-86.7;-86.8;-86.7;-86.9;-87.2;-86.9;-86.6;-86.3;-87.0;-86.6;-86.5;-87.0;-86.8;-86.6;-87.0;-87.2;-86.9;-86.7;-86.6;-86.9;-86.7;-86.8;
-86.8;-86.9;-86.9;-86.8;-86.8;-86.5;-86.5;-85.7;-86.6;-86.9;-86.7;-86.9;-86.9;-86.8;-86.6;-86.7;-86.7;-86.8;-86.5;-86.9;-86.8;-86.9;-86.7;-86.9;-86.5;-87.0;-86.8;-87.2;-86.7;-87.2;-86.6;-86.8;-86.7;-86.9;-86.9;-86.9;-86.7;-87.0;-86.7;-86.6;-86.5;-87.0;-86.9;-86.7;-86.6;-86.8;-86.9;-86.7;-87.1;-86.5;-87.1;-86.5;-86.8;-86.9;-86.5;-87.0;-86.7;-86.9;-86.4;-86.7;-86.7;-86.9;-86.7;-86.8;-86.7;-87.1;-86.9;-87.1;-86.7;-86.6;-86.6;-86.9;-86.6;-86.7;-86.8;-86.6;-86.4;-87.0;-86.6;-86.5;-86.4;-86.7;-86.7;-86.4;-87.2;-86.7;-86.4;-86.7;-86.8;-86.7;-86.9;-86.6;-86.4;-86.6;-86.6;-86.9;-86.7;-86.7;-86.9;-86.9;
-86.5;-86.8;-86.9;-86.6;-86.9;-86.8;-86.4;-82.3;-86.6;-86.9;-86.8;-86.6;-87.0;-86.6;-86.8;-87.1;-86.7;-86.6;-86.7;-86.4;-86.9;-86.7;-86.7;-86.8;-86.7;-86.9;-86.7;-86.8;-86.6;-86.5;-86.5;-86.8;-86.5;-86.6;-86.8;-86.7;-86.9;-87.1;-86.4;-86.6;-86.8;-86.9;-86.7;-86.8;-86.5;-86.3;-86.5;-86.9;-86.6;-86.5;-86.3;-86.9;-87.2;-86.9;-86.6;-86.8;-86.9;-87.2;-86.8;-86.7;-86.5;-86.8;-86.7;-86.7;-86.7;-86.5;-86.9;-86.9;-86.6;-86.7;-86.8;-86.6;-86.6;-86.8;-86.4;-86.6;-86.7;-87.0;-86.7;-86.4;-86.9;-86.7;-86.9;-86.7;-86.5;-86.9;-87.0;-86.6;-86.6;-86.9;-86.7;-86.6;-86.4;-87.5;-87.0;-86.8;-86.8;-86.8;-86.8;-86.7;
-86.7;-86.8;-86.6;-86.3;-86.7;-86.7;-87.2;-78.6;-86.5;-86.8;-86.7;-86.8;-86.6;-86.3;-86.7;-86.7;-86.7;-86.7;-86.6;-86.7;-86.3;-86.8;-86.6;-86.7;-86.7;-86.8;-86.6;-86.5;-86.5;-86.7;-87.0;-87.0;-86.9;-86.8;-86.8;-86.4;-86.9;-86.5;-86.6;-86.6;-86.9;-86.6;-86.6;-86.7;-86.7;-86.9;-86.8;-86.8;-86.7;-86.9;-86.7;-86.9;-86.7;-86.9;-86.6;-86.8;-86.8;-86.9;-86.9;-86.5;-86.7;-87.1;-86.7;-86.9;-87.1;-86.9;-87.0;-86.6;-86.6;-86.6;-86.6;-86.8;-86.3;-86.5;-86.9;-86.8;-86.8;-86.6;-87.0;-86.5;-86.7;-86.6;-87.0;-86.5;-86.5;-86.6;-86.9;-87.3;-86.8;-86.6;-86.7;-86.5;-86.7;-86.8;-86.7;-86.7;-86.3;-87.0;-87.3;-86.8;
-86.8;-86.9;-86.6;-86.6;-86.6;-86.6;-86.5;-77.6;-86.6;-86.8;-86.8;-86.8;-87.0;-86.7;-86.5;-86.8;-86.5;-87.1;-86.7;-86.8;-86.8;-86.8;-86.7;-86.8;-87.1;-86.9;-86.7;-86.6;-86.5;-86.7;-86.6;-86.9;-86.7;-86.7;-86.8;-86.7;-86.9;-86.6;-86.8;-86.5;-86.6;-86.4;-87.0;-86.8;-86.9;-87.3;-86.8;-86.9;-86.6;-86.8;-86.7;-86.8;-86.9;-86.5;-86.7;-87.0;-86.8;-86.6;-87.0;-86.8;-87.1;-86.8;-86.5;-86.6;-86.6;-87.0;-87.0;-86.8;-86.7;-86.5;-87.1;-86.8;-86.8;-86.8;-87.0;-86.7;-86.4;-87.0;-86.6;-86.9;-86.6;-86.8;-86.8;-86.9;-86.6;-86.6;-86.9;-86.5;-86.9;-87.2;-86.6;-86.5;-86.5;-87.1;-86.8;-87.3;-86.9;-86.5;-86.5;-86.8;
-86.6;-86.8;-86.7;-86.8;-86.5;-86.6;-86.2;-81.3;-86.7;-86.7;-86.5;-87.1;-86.8;-87.0;-86.7;-86.6;-87.0;-86.7;-86.9;-86.8;-87.1;-86.7;-86.8;-86.9;-86.9;-86.7;-86.7;-86.7;-86.8;-87.1;-86.9;-87.2;-86.6;-87.0;-86.8;-86.4;-86.8;-87.0;-86.8;-86.8;-86.8;-86.9;-86.8;-86.8;-86.6;-86.8;-86.9;-87.1;-86.8;-86.8;-86.6;-86.8;-86.8;-86.8;-86.7;-87.0;-86.7;-86.8;-86.8;-87.0;-86.9;-86.6;-86.8;-86.9;-87.4;-86.6;-86.6;-86.5;-86.6;-86.7;-86.7;-86.8;-87.0;-86.8;-86.7;-86.8;-87.1;-86.9;-86.6;-86.9;-86.8;-86.7;-86.8;-86.7;-86.7;-86.6;-86.7;-87.1;-86.7;-86.8;-87.0;-87.0;-86.7;-86.8;-87.0;-86.5;-86.8;-86.8;-86.8;-87.1;
-86.9;-86.9;-86.9;-86.7;-87.0;-86.6;-86.8;-79.5;-86.8;-86.8;-86.8;-86.7;-87.0;-86.9;-86.7;-86.3;-86.7;-86.7;-87.0;-86.8;-86.8;-86.5;-86.5;-86.7;-86.7;-86.9;-86.9;-86.7;-86.8;-86.5;-86.9;-86.8;-87.0;-86.7;-86.9;-87.0;-86.6;-86.6;-87.0;-86.8;-86.8;-86.7;-86.4;-86.9;-86.9;-86.5;-86.9;-86.7;-86.7;-86.7;-87.0;-87.0;-86.7;-86.9;-87.0;-87.0;-86.8;-86.7;-87.2;-86.9;-86.9;-86.9;-86.7;-86.8;-86.8;-86.3;-87.3;-86.7;-86.5;-86.9;-86.8;-86.9;-86.8;-86.7;-86.7;-86.7;-86.7;-86.8;-86.9;-86.5;-86.7;-86.9;-87.0;-87.0;-86.8;-86.7;-87.1;-86.8;-86.9;-86.9;-87.0;-86.6;-87.2;-87.0;-86.5;-86.8;-86.7;-86.7;-86.9;-86.5;
-86.8;-86.5;-86.6;-86.9;-87.1;-86.8;-87.0;-81.6;-87.0;-86.9;-86.7;-86.5;-86.6;-87.0;-87.0;-87.0;-86.7;-86.7;-86.9;-86.6;-86.6;-86.7;-86.8;-87.0;-86.7;-86.9;-86.5;-86.8;-86.6;-87.1;-86.6;-87.0;-86.9;-86.9;-86.7;-86.6;-86.6;-86.6;-86.7;-86.8;-87.1;-86.8;-86.7;-87.0;-86.3;-86.7;-86.7;-86.5;-86.9;-86.6;-86.8;-87.2;-86.8;-87.0;-86.8;-86.9;-87.1;-86.8;-86.9;-87.0;-87.0;-86.8;-86.9;-86.9;-86.9;-86.8;-87.0;-86.5;-87.3;-86.9;-86.9;-87.0;-87.0;-86.8;-86.8;-86.8;-86.7;-87.2;-86.5;-86.7;-86.8;-87.0;-86.7;-87.2;-86.9;-87.1;-87.3;-87.0;-86.9;-86.9;-86.7;-86.7;-86.9;-87.1;-86.9;-87.0;-86.5;-86.7;-86.6;-86.6;
-86.6;-86.8;-86.8;-87.0;-86.8;-86.5;-86.6;-84.1;-87.3;-86.7;-86.7;-86.8;-86.7;-86.8;-86.8;-87.1;-87.2;-86.8;-86.9;-86.5;-86.9;-86.8;-87.1;-87.0;-86.6;-86.8;-86.5;-86.5;-86.5;-87.1;-86.6;-86.6;-86.9;-86.7;-86.6;-86.5;-86.7;-86.9;-86.9;-86.9;-86.8;-86.7;-86.6;-86.4;-86.9;-86.6;-87.0;-86.7;-86.8;-86.8;-87.0;-86.7;-86.5;-86.4;-87.2;-86.9;-86.6;-86.8;-86.6;-86.7;-86.8;-86.8;-86.9;-86.9;-86.9;-87.0;-87.0;-86.7;-86.4;-86.8;-86.8;-87.0;-86.6;-87.0;-86.6;-86.7;-86.5;-86.8;-87.2;-86.7;-86.7;-86.6;-87.1;-86.8;-87.3;-86.5;-86.9;-87.3;-86.8;-86.9;-86.8;-87.2;-86.5;-86.9;-86.6;-86.7;-86.8;-86.8;-86.9;-86.8;
-86.9;-86.8;-86.9;-86.6;-86.8;-86.9;-86.8;-86.7;-86.9;-86.7;-86.7;-86.6;-86.8;-86.7;-86.8;-86.6;-86.7;-86.5;-86.6;-86.8;-87.0;-87.0;-86.8;-86.7;-86.7;-86.9;-86.4;-86.5;-86.7;-86.7;-86.6;-86.8;-86.9;-86.4;-86.6;-86.6;-86.8;-86.9;-87.0;-86.7;-86.9;-87.1;-86.6;-86.5;-86.8;-87.1;-86.7;-86.6;-87.1;-87.0;-86.9;-86.7;-86.7;-86.8;-86.6;-87.0;-86.7;-86.5;-86.7;-86.5;-86.8;-86.8;-86.8;-86.6;-86.8;-86.9;-86.6;-86.8;-86.8;-86.7;-87.0;-86.8;-86.6;-86.9;-87.0;-87.0;-86.5;-86.7;-86.7;-86.5;-87.0;-87.2;-87.1;-86.8;-86.9;-86.8;-87.1;-86.7;-86.9;-86.7;-86.8;-86.9;-86.5;-86.8;-86.9;-86.9;-86.5;-86.9;-87.0;-87.0;
-86.8;-86.8;-86.6;-86.5;-86.4;-85.8;-86.7;-74.2;-86.3;-86.6;-86.9;-86.7;-87.0;-87.1;-86.8;-86.8;-86.8;-86.9;-86.8;-86.9;-86.6;-87.0;-86.6;-86.9;-87.1;-87.2;-86.6;-86.7;-86.4;-86.8;-86.6;-86.6;-87.0;-86.6;-86.8;-87.1;-87.0;-87.2;-86.6;-86.2;-87.0;-86.5;-86.5;-86.6;-86.9;-87.0;-86.7;-86.8;-87.1;-86.6;-86.7;-86.8;-86.9;-86.7;-86.7;-87.0;-87.0;-87.0;-86.8;-87.2;-86.9;-86.8;-86.9;-86.6;-87.0;-87.0;-86.6;-86.5;-87.2;-86.8;-86.7;-86.8;-86.6;-86.7;-86.8;-86.6;-86.7;-86.4;-87.0;-86.9;-86.8;-86.8;-86.7;-86.6;-86.7;-86.9;-86.6;-86.7;-86.9;-87.0;-87.0;-86.4;-86.8;-86.8;-86.8;-86.7;-86.9;-86.7;-86.8;-87.0;
-86.8;-86.8;-87.0;-86.7;-86.4;-86.7;-86.7;-86.1;-86.7;-86.8;-87.0;-86.6;-87.3;-86.7;-87.1;-86.7;-86.8;-87.0;-87.0;-87.0;-86.6;-86.9;-86.9;-87.3;-86.7;-86.4;-87.0;-86.7;-86.5;-86.4;-86.6;-86.7;-86.4;-87.0;-86.9;-87.1;-86.9;-86.5;-87.1;-86.7;-87.1;-87.0;-87.2;-86.5;-87.2;-86.8;-86.8;-87.0;-87.0;-86.7;-86.6;-87.0;-86.6;-87.0;-86.7;-86.6;-86.8;-86.4;-86.8;-86.4;-87.1;-86.8;-86.5;-86.9;-86.7;-86.9;-86.9;-86.5;-87.1;-86.7;-86.6;-86.8;-86.8;-86.7;-86.7;-86.6;-86.7;-86.8;-86.8;-86.8;-86.8;-87.1;-87.1;-86.4;-86.5;-86.8;-87.2;-86.8;-86.9;-86.7;-86.9;-86.9;-86.8;-86.9;-87.1;-86.4;-87.0;-87.2;-87.2;-86.9;
-86.9;-86.7;-86.9;-86.8;-86.5;-86.5;-86.6;-85.6;-86.8;-86.7;-86.8;-87.3;-87.0;-86.7;-87.1;-86.6;-86.7;-87.0;-86.7;-86.9;-86.8;-87.0;-86.8;-86.8;-87.1;-86.5;-86.8;-86.6;-86.8;-87.2;-86.5;-87.1;-87.0;-86.9;-87.1;-86.9;-86.5;-86.9;-87.1;-86.9;-86.5;-86.9;-87.0;-86.8;-86.8;-86.9;-86.8;-86.6;-87.0;-86.7;-86.9;-86.5;-86.7;-86.8;-86.9;-86.7;-86.9;-86.8;-87.0;-86.7;-86.4;-86.6;-86.6;-87.3;-87.3;-86.9;-86.7;-86.9;-86.9;-86.3;-86.8;-86.9;-86.7;-86.8;-86.8;-86.6;-87.0;-86.5;-86.5;-86.6;-86.5;-86.6;-87.0;-86.8;-86.5;-86.4;-86.9;-86.7;-86.8;-86.9;-86.7;-86.7;-86.7;-86.6;-86.7;-86.7;-86.8;-86.8;-86.8;-86.8;
-86.9;-86.8;-86.8;-86.4;-86.7;-86.9;-86.8;-86.5;-86.9;-86.8;-86.9;-86.8;-86.4;-87.0;-86.8;-86.9;-86.7;-87.0;-86.7;-86.9;-86.6;-86.9;-86.6;-86.8;-87.1;-86.5;-86.9;-86.8;-87.1;-86.5;-86.6;-87.0;-86.7;-86.7;-86.6;-87.0;-87.1;-86.8;-86.9;-86.9;-86.8;-86.8;-86.9;-86.8;-86.9;-86.9;-87.0;-87.0;-86.7;-86.5;-86.8;-86.5;-87.0;-86.8;-87.0;-86.8;-86.8;-86.7;-87.2;-86.8;-86.5;-87.0;-86.6;-86.7;-87.3;-86.7;-86.8;-87.0;-86.7;-86.8;-86.8;-86.6;-86.8;-86.6;-86.8;-86.9;-86.9;-86.6;-86.8;-86.7;-87.2;-86.7;-86.5;-86.7;-86.8;-86.8;-86.8;-86.8;-86.5;-86.6;-86.6;-87.0;-86.3;-86.6;-86.9;-87.0;-86.7;-86.7;-86.8;-86.7;
-86.6;-86.7;-86.9;-86.6;-86.8;-86.9;-87.2;-87.2;-86.9;-87.0;-86.5;-87.0;-87.0;-86.8;-86.8;-87.3;-86.9;-86.8;-87.0;-86.9;-86.6;-87.2;-87.0;-86.6;-86.7;-86.7;-86.8;-86.8;-86.8;-86.5;-87.4;-86.8;-86.9;-87.0;-87.1;-86.8;-86.9;-87.0;-86.7;-86.9;-86.9;-86.8;-86.6;-86.8;-86.9;-86.8;-86.3;-86.9;-86.6;-86.7;-86.7;-87.0;-87.0;-86.5;-86.7;-86.9;-86.8;-87.2;-87.0;-86.6;-86.7;-87.1;-86.9;-87.1;-86.7;-86.8;-86.6;-86.7;-87.0;-86.9;-86.9;-86.7;-86.6;-87.0;-86.9;-87.1;-86.8;-86.7;-86.6;-86.8;-87.0;-87.2;-87.0;-86.8;-87.0;-87.0;-86.7;-87.0;-87.2;-87.0;-86.9;-86.8;-86.5;-86.7;-87.0;-86.7;-87.0;-86.9;-86.8;-87.1;
-86.7;-87.0;-87.2;-87.2;-87.0;-86.6;-86.7;-84.0;-86.4;-86.8;-86.5;-86.8;-86.7;-87.0;-87.0;-86.6;-86.4;-86.6;-86.7;-86.6;-86.7;-86.9;-87.0;-86.8;-86.8;-86.9;-86.7;-86.4;-86.4;-87.1;-86.9;-86.9;-87.1;-87.1;-86.6;-87.3;-87.1;-86.4;-87.0;-86.8;-86.8;-86.7;-86.7;-86.8;-86.5;-86.7;-86.9;-86.8;-86.5;-86.8;-86.7;-87.0;-86.8;-86.7;-86.9;-86.6;-86.7;-86.8;-87.0;-87.1;-86.8;-86.9;-86.2;-86.9;-86.8;-87.0;-86.6;-87.2;-87.1;-86.9;-86.8;-86.9;-86.8;-86.7;-86.8;-86.6;-86.8;-86.5;-86.8;-86.6;-86.8;-86.8;-86.5;-86.8;-86.9;-86.7;-86.7;-86.8;-87.0;-86.4;-86.8;-87.0;-86.7;-86.6;-86.9;-86.5;-86.9;-87.2;-86.9;-87.0;
-86.5;-86.8;-86.8;-86.8;-86.5;-86.4;-86.5;-86.0;-87.0;-86.8;-87.1;-86.8;-86.3;-87.0;-86.6;-87.0;-86.8;-86.9;-86.9;-86.8;-86.7;-86.7;-87.0;-87.2;-86.8;-86.9;-86.8;-86.9;-86.8;-86.9;-87.2;-86.8;-87.0;-86.7;-86.8;-86.6;-86.5;-86.7;-86.5;-86.6;-87.0;-87.2;-86.9;-87.2;-86.8;-86.6;-86.4;-87.5;-86.8;-86.7;-86.4;-87.1;-86.9;-86.9;-86.5;-86.9;-87.2;-86.8;-86.9;-87.0;-87.1;-86.9;-86.6;-87.1;-86.7;-87.0;-86.9;-87.0;-86.7;-87.0;-86.8;-86.3;-87.2;-87.1;-86.6;-86.5;-87.1;-87.0;-86.8;-86.8;-86.9;-86.9;-86.7;-86.3;-86.9;-86.7;-86.9;-87.1;-86.6;-86.6;-86.9;-86.5;-87.0;-87.0;-86.8;-87.0;-86.7;-86.9;-86.6;-87.0;
-86.8;-86.9;-87.0;-86.6;-86.7;-86.5;-86.5;-84.2;-86.7;-86.7;-86.7;-86.7;-86.6;-86.9;-86.9;-86.6;-86.8;-86.8;-86.7;-86.9;-87.0;-86.7;-86.7;-86.7;-87.2;-86.9;-86.7;-86.6;-86.8;-86.5;-86.4;-86.6;-86.7;-87.0;-86.8;-87.0;-86.7;-86.6;-86.6;-87.1;-87.1;-86.8;-87.0;-86.8;-86.7;-86.4;-86.7;-86.5;-86.7;-86.5;-86.8;-86.9;-87.1;-86.8;-86.5;-86.9;-86.4;-86.5;-86.8;-86.7;-86.6;-86.7;-86.5;-86.7;-86.5;-86.5;-86.8;-86.8;-87.3;-86.8;-86.8;-86.7;-86.8;-86.8;-87.0;-86.7;-86.7;-87.2;-87.0;-87.3;-86.6;-86.7;-86.8;-87.1;-86.7;-86.7;-86.5;-86.9;-87.2;-86.7;-87.0;-86.8;-86.8;-87.1;-86.8;-86.7;-87.0;-87.0;-87.0;-86.6;
-86.6;-87.0;-86.7;-86.9;-86.8;-86.9;-86.4;-85.8;-86.7;-87.3;-86.8;-86.8;-86.9;-86.7;-87.1;-86.4;-86.6;-86.7;-86.8;-86.7;-86.8;-86.8;-87.0;-86.5;-86.6;-86.7;-86.7;-86.5;-86.1;-86.5;-86.6;-86.6;-86.6;-87.2;-87.0;-86.8;-86.8;-86.9;-86.7;-87.0;-87.0;-86.8;-86.9;-86.6;-86.9;-87.1;-86.7;-87.1;-86.6;-86.9;-87.0;-86.4;-87.0;-86.9;-86.6;-86.6;-86.9;-86.8;-86.8;-86.7;-86.9;-86.7;-86.6;-86.6;-87.3;-86.5;-86.7;-86.7;-87.4;-86.7;-86.9;-86.8;-86.9;-87.0;-87.1;-86.7;-86.8;-86.9;-86.8;-86.9;-86.9;-87.1;-86.7;-87.2;-87.0;-86.8;-86.8;-86.6;-87.1;-86.9;-86.9;-86.8;-86.7;-86.9;-86.8;-86.7;-87.4;-86.6;-86.9;-86.9;
-86.8;-86.8;-86.5;-87.1;-86.7;-86.4;-86.5;-85.7;-86.7;-86.6;-86.7;-86.5;-86.5;-86.9;-86.6;-87.0;-86.7;-86.7;-86.7;-86.9;-86.9;-86.8;-86.5;-86.7;-86.8;-86.5;-87.1;-86.4;-86.8;-86.7;-87.0;-86.7;-86.7;-86.8;-86.9;-86.7;-86.7;-86.8;-86.9;-86.9;-86.9;-87.1;-87.2;-86.9;-86.8;-86.4;-86.4;-86.9;-86.8;-86.7;-86.8;-86.7;-86.6;-86.9;-87.0;-86.8;-86.8;-86.7;-86.7;-86.9;-86.7;-87.0;-86.9;-86.4;-86.8;-86.5;-86.9;-86.6;-87.0;-86.7;-86.9;-86.7;-86.8;-87.0;-86.6;-86.5;-86.8;-86.8;-86.7;-87.0;-86.4;-86.5;-87.0;-86.6;-86.7;-86.5;-86.8;-87.0;-86.8;-86.5;-86.9;-86.9;-86.7;-86.8;-86.9;-86.7;-86.7;-86.8;-86.9;-86.8;
-87.0;-86.9;-86.8;-86.7;-86.6;-86.8;-86.9;-86.2;-86.6;-86.5;-86.8;-86.7;-86.9;-86.8;-86.8;-86.6;-86.6;-86.9;-86.5;-86.9;-87.0;-86.7;-86.8;-86.8;-86.3;-86.8;-86.8;-87.0;-87.2;-86.7;-86.5;-86.8;-86.6;-86.9;-86.9;-87.0;-86.7;-86.9;-87.0;-86.9;-86.8;-87.0;-86.5;-87.2;-87.1;-86.8;-87.0;-86.7;-86.8;-86.5;-87.0;-86.6;-86.3;-86.9;-86.8;-86.8;-86.7;-87.0;-87.0;-86.9;-87.0;-87.0;-86.8;-86.9;-86.9;-86.6;-86.9;-86.7;-86.7;-86.5;-86.6;-87.0;-86.7;-86.5;-86.9;-86.6;-86.8;-86.6;-86.8;-86.8;-87.1;-87.1;-86.8;-86.7;-86.8;-86.9;-86.9;-86.8;-86.7;-86.7;-87.0;-86.5;-86.8;-87.2;-86.7;-86.7;-86.8;-86.3;-86.9;-86.8;
