-87
-87.9;-87.7;-87.9;-87.9;-87.8;-87.8;-87.8;-87.9;-88.0;-87.7;-87.7;-87.7;-87.4;-87.6;-87.7;-87.6;-88.0;-87.8;-87.4;-87.7;-88.0;-87.5;-87.8;-87.8;-87.9;-87.9;-87.9;-87.5;-87.8;-87.8;-87.8;-87.5;-87.7;-87.7;-87.7;-88.3;-87.6;-87.6;-87.8;-87.8;-87.7;-88.0;-87.7;-87.7;-87.8;-87.7;-87.8;-87.7;-88.0;-87.6;-87.8;-87.8;-87.6;-87.5;-87.9;-87.8;-87.5;-87.9;-87.8;-87.9;-88.0;-87.7;-87.7;-87.8;-87.9;-87.7;-87.9;-87.8;-87.6;-87.5;-88.0;-87.6;-88.0;-88.0;-88.0;-87.6;-88.0;-87.7;-88.0;-88.0;-87.6;-87.8;-87.7;-87.7;-87.6;-87.8;-87.6;-87.7;-87.8;-87.8;-87.5;-87.7;-87.6;-87.8;-87.7;-88.0;-87.4;-87.9;-87.8;-88.0;
-87.7;-88.0;-87.8;-88.0;-87.9;-87.9;-88.2;-87.5;-87.9;-87.7;-87.6;-87.8;-87.7;-87.7;-87.8;-87.7;-87.8;-88.1;-87.8;-87.6;-87.8;-87.6;-88.0;-88.1;-87.8;-87.8;-87.9;-87.9;-87.6;-87.9;-87.7;-87.7;-87.6;-87.6;-88.1;-88.0;-87.9;-87.8;-87.8;-87.9;-87.5;-88.0;-87.7;-87.9;-87.7;-88.0;-87.7;-87.6;-87.7;-87.7;-87.7;-87.7;-87.8;-87.7;-87.8;-87.6;-87.6;-87.8;-87.7;-87.5;-87.8;-87.5;-87.9;-87.7;-87.8;-87.6;-87.6;-87.9;-87.9;-87.5;-87.8;-87.9;-87.8;-88.0;-87.5;-87.6;-88.0;-87.7;-87.8;-88.0;-87.9;-87.5;-87.9;-87.9;-87.6;-88.0;-87.7;-87.6;-87.9;-87.8;-87.9;-87.9;-87.9;-87.6;-88.1;-87.8;-87.8;-87.6;-88.1;-87.7;
-87.8;-88.2;-87.5;-87.5;-87.8;-87.7;-87.7;-85.5;-87.3;-87.6;-87.7;-87.8;-88.3;-87.8;-87.6;-88.0;-87.7;-87.4;-87.9;-87.9;-88.0;-87.8;-87.9;-87.8;-87.9;-88.2;-88.0;-87.9;-88.0;-87.7;-87.3;-87.8;-87.8;-87.9;-87.6;-88.0;-87.6;-87.9;-87.7;-87.8;-87.8;-88.0;-87.8;-87.8;-87.4;-87.5;-87.9;-87.8;-87.8;-88.0;-87.8;-87.6;-87.7;-88.0;-87.9;-88.0;-87.9;-87.7;-87.7;-88.0;-88.0;-87.8;-87.8;-87.7;-87.6;-87.9;-88.0;-87.8;-87.8;-87.9;-87.8;-88.1;-88.0;-87.4;-87.7;-87.9;-87.8;-87.7;-87.9;-87.5;-87.9;-87.5;-87.9;-87.8;-88.1;-87.9;-87.7;-87.9;-88.0;-87.8;-87.7;-88.0;-87.9;-88.1;-87.9;-87.8;-87.9;-88.1;-87.6;-87.9;
-87.8;-88.1;-87.6;-87.8;-88.2;-87.8;-87.9;-86.5;-87.9;-88.4;-88.0;-87.8;-87.8;-87.9;-87.8;-88.1;-88.0;-88.0;-87.8;-88.2;-87.6;-88.0;-88.3;-87.8;-88.0;-87.9;-88.0;-87.8;-87.8;-87.8;-87.9;-88.1;-87.8;-87.6;-87.9;-87.9;-87.8;-88.1;-88.1;-87.7;-87.8;-88.1;-87.7;-88.0;-88.2;-87.7;-88.1;-87.8;-87.9;-88.1;-88.2;-88.2;-87.7;-88.1;-87.5;-87.7;-87.9;-87.8;-87.9;-88.1;-87.7;-87.9;-88.0;-87.9;-88.0;-87.9;-87.7;-88.0;-87.9;-87.6;-87.6;-87.9;-88.2;-88.0;-87.8;-87.8;-87.8;-87.8;-88.0;-87.9;-88.2;-88.0;-87.9;-87.9;-88.1;-87.6;-87.6;-88.2;-87.7;-87.7;-87.8;-87.6;-88.0;-87.8;-88.2;-87.7;-87.9;-87.8;-87.7;-87.8;
-87.7;-87.7;-87.9;-87.8;-87.5;-87.5;-87.9;-81.9;-87.8;-87.8;-87.6;-87.6;-87.7;-87.8;-88.0;-87.7;-87.9;-87.8;-87.7;-87.4;-87.9;-87.9;-88.0;-87.7;-87.9;-87.8;-87.9;-87.8;-88.0;-87.7;-88.1;-87.7;-87.9;-88.0;-87.5;-87.9;-87.8;-87.8;-87.7;-88.1;-87.7;-87.6;-87.9;-87.7;-87.6;-88.0;-87.8;-87.8;-88.0;-87.8;-87.6;-88.0;-88.0;-87.8;-87.9;-87.7;-87.8;-87.9;-88.1;-88.0;-87.9;-87.6;-87.9;-88.0;-87.9;-87.6;-87.8;-87.9;-87.7;-87.5;-87.8;-87.8;-88.0;-87.6;-87.7;-87.7;-87.8;-87.6;-87.9;-87.9;-87.8;-87.9;-87.8;-87.9;-87.8;-88.1;-88.3;-87.6;-87.7;-87.7;-87.6;-87.7;-87.9;-87.7;-87.7;-87.8;-88.1;-87.9;-87.6;-87.7;
-88.0;-87.9;-87.8;-87.8;-87.9;-87.6;-87.8;-88.1;-87.8;-88.0;-87.9;-88.0;-87.7;-87.8;-87.6;-87.8;-88.0;-87.8;-87.8;-87.9;-87.8;-87.7;-87.9;-87.8;-87.8;-87.9;-87.7;-87.5;-87.8;-87.9;-87.4;-88.0;-87.6;-87.6;-87.9;-87.9;-87.9;-88.2;-88.0;-87.7;-88.0;-87.8;-87.9;-88.0;-87.7;-87.9;-87.9;-87.8;-87.7;-87.7;-87.9;-87.7;-87.8;-87.8;-87.9;-87.6;-88.1;-87.9;-87.6;-88.2;-87.8;-87.6;-87.9;-87.9;-87.6;-88.1;-87.6;-87.8;-87.9;-88.2;-87.7;-88.2;-87.9;-87.7;-87.7;-87.8;-87.5;-87.7;-88.3;-88.1;-88.1;-88.1;-87.8;-87.6;-87.6;-88.0;-87.7;-87.8;-87.9;-87.7;-87.9;-87.9;-87.7;-88.0;-87.9;-87.3;-87.7;-88.0;-87.5;-88.0;
-87.8;-87.7;-88.1;-87.7;-87.9;-88.2;-87.7;-87.1;-87.8;-87.5;-87.8;-87.8;-87.8;-87.9;-87.7;-87.7;-87.6;-88.1;-87.9;-87.7;-87.5;-87.6;-87.8;-87.7;-87.6;-88.0;-87.9;-87.7;-87.9;-87.7;-87.8;-87.7;-87.9;-87.7;-87.7;-87.9;-87.7;-87.5;-87.8;-87.7;-87.9;-88.1;-87.8;-87.8;-87.9;-87.8;-87.5;-87.9;-87.6;-88.0;-88.0;-87.7;-87.7;-88.2;-88.1;-87.4;-88.0;-88.0;-87.8;-87.9;-87.8;-87.7;-87.9;-87.8;-87.9;-88.1;-87.8;-87.8;-87.7;-88.2;-88.0;-87.6;-87.5;-88.0;-87.3;-88.0;-87.7;-88.2;-88.2;-87.9;-87.7;-87.7;-87.8;-87.6;-88.3;-87.8;-87.7;-87.9;-88.2;-87.8;-88.1;-88.1;-87.5;-87.8;-88.0;-87.8;-87.9;-87.9;-87.7;-87.7;
-87.8;-87.6;-88.1;-88.1;-88.3;-87.8;-88.0;-88.0;-87.7;-87.8;-87.8;-87.9;-88.0;-87.8;-87.7;-87.6;-87.6;-87.4;-87.9;-87.8;-87.8;-87.9;-87.9;-88.0;-87.8;-87.8;-87.9;-87.7;-87.9;-87.9;-88.1;-87.9;-87.9;-87.5;-88.1;-87.8;-88.2;-88.0;-87.8;-88.0;-87.9;-87.7;-87.7;-87.9;-87.9;-88.0;-87.5;-87.7;-87.9;-88.1;-87.5;-87.7;-88.0;-87.9;-87.7;-88.0;-87.8;-87.6;-88.0;-87.8;-87.5;-88.0;-87.7;-88.1;-88.0;-88.1;-87.5;-88.0;-88.0;-87.5;-87.9;-87.6;-87.8;-87.9;-87.9;-87.6;-87.5;-88.0;-87.9;-87.7;-88.1;-88.0;-87.8;-88.0;-87.4;-87.8;-88.1;-87.7;-87.8;-88.0;-87.9;-88.0;-87.8;-87.8;-87.6;-88.1;-87.5;-87.9;-87.8;-88.1;
-88.0;-87.5;-87.6;-87.9;-88.0;-87.8;-87.6;-88.2;-88.0;-88.1;-87.8;-87.8;-88.0;-87.9;-87.7;-87.7;-87.6;-87.6;-87.8;-87.7;-87.6;-87.6;-87.8;-87.6;-87.6;-87.9;-87.6;-87.8;-87.7;-87.9;-87.5;-87.9;-87.7;-87.8;-88.1;-87.8;-88.0;-87.9;-87.9;-87.9;-87.9;-87.7;-87.7;-88.1;-87.8;-87.7;-87.9;-87.9;-87.7;-88.1;-87.8;-87.9;-88.0;-87.6;-87.4;-87.7;-88.1;-87.9;-87.8;-88.1;-87.8;-87.7;-88.2;-87.7;-87.7;-87.8;-88.0;-87.8;-87.8;-87.8;-87.9;-88.0;-87.8;-87.8;-87.8;-88.0;-87.6;-88.0;-87.9;-87.6;-87.6;-87.9;-87.8;-87.7;-88.0;-87.7;-87.6;-87.7;-88.0;-87.8;-88.0;-87.8;-87.9;-87.9;-87.5;-87.7;-87.9;-87.6;-87.9;-88.4;
-87.7;-87.7;-87.8;-88.0;-87.9;-88.0;-87.9;-87.9;-87.6;-87.8;-88.1;-87.5;-87.9;-87.8;-87.6;-87.7;-87.6;-87.7;-87.4;-88.0;-87.5;-87.6;-87.8;-87.6;-87.9;-88.0;-87.4;-87.8;-87.9;-87.8;-87.8;-87.8;-88.0;-87.6;-87.8;-87.6;-87.5;-88.0;-87.8;-87.5;-87.9;-87.9;-87.7;-87.7;-87.5;-87.6;-87.7;-88.1;-87.9;-87.7;-87.8;-87.7;-87.8;-88.1;-87.7;-87.8;-87.9;-87.8;-87.7;-87.8;-87.6;-87.5;-87.9;-87.6;-87.6;-87.7;-87.9;-87.6;-87.8;-88.0;-87.8;-88.1;-88.0;-87.7;-87.7;-87.7;-87.7;-87.6;-88.0;-87.8;-87.8;-87.8;-87.7;-87.6;-88.0;-87.6;-87.7;-87.9;-87.8;-87.7;-87.8;-88.2;-87.7;-87.7;-88.0;-87.7;-87.6;-87.9;-87.7;-88.2;
-87.8;-88.1;-87.7;-87.9;-87.7;-87.5;-88.0;-87.8;-87.6;-87.8;-87.6;-88.1;-88.0;-87.7;-88.1;-88.1;-87.3;-88.0;-87.6;-87.7;-88.1;-87.7;-87.7;-88.0;-87.9;-87.7;-88.0;-87.9;-87.9;-87.8;-88.1;-87.5;-88.0;-87.9;-87.6;-87.5;-88.1;-87.7;-88.0;-87.7;-88.2;-87.6;-88.1;-87.4;-87.5;-87.9;-88.0;-87.7;-87.8;-88.1;-87.7;-88.1;-87.5;-87.6;-87.6;-87.8;-87.8;-87.8;-87.9;-88.0;-87.7;-87.8;-87.5;-87.6;-87.7;-87.6;-87.6;-87.9;-87.6;-87.6;-87.7;-87.6;-87.5;-88.2;-87.8;-87.6;-87.8;-87.7;-87.6;-87.7;-87.9;-88.1;-87.7;-87.8;-88.0;-87.7;-87.4;-87.7;-87.7;-87.8;-87.7;-87.5;-87.7;-87.9;-87.7;-87.9;-87.8;-87.9;-87.8;-88.0;
-87.8;-87.7;-87.6;-87.5;-87.9;-87.7;-88.0;-87.5;-87.8;-87.8;-88.0;-87.7;-88.2;-87.7;-87.8;-87.8;-87.7;-87.8;-87.8;-87.8;-88.0;-87.8;-87.8;-87.6;-88.0;-87.8;-87.5;-87.9;-88.2;-87.7;-88.0;-87.8;-87.7;-87.6;-87.8;-87.7;-87.9;-87.8;-87.2;-87.6;-87.8;-87.6;-87.7;-87.7;-87.6;-87.5;-87.8;-87.7;-87.6;-88.1;-88.0;-87.8;-87.8;-87.9;-87.7;-87.8;-87.9;-87.5;-87.8;-87.6;-87.7;-87.8;-87.9;-87.7;-87.5;-87.7;-87.6;-87.8;-88.1;-87.6;-87.6;-88.1;-87.8;-87.5;-87.7;-87.8;-87.6;-87.7;-87.9;-87.7;-87.6;-87.8;-87.8;-88.0;-87.6;-87.7;-87.8;-88.1;-87.7;-88.1;-87.8;-87.8;-87.5;-88.2;-87.6;-87.6;-87.8;-87.9;-87.6;-88.0;
-87.3;-88.0;-88.0;-87.8;-88.1;-87.7;-87.8;-87.4;-87.7;-87.6;-87.9;-87.8;-88.0;-87.8;-87.7;-88.0;-87.8;-87.8;-87.9;-88.2;-88.0;-87.6;-87.9;-87.6;-87.5;-87.6;-87.9;-87.8;-87.9;-87.6;-87.6;-88.1;-87.8;-87.5;-88.2;-87.6;-87.7;-88.0;-87.6;-87.8;-87.9;-87.7;-87.7;-87.7;-87.9;-87.9;-87.9;-87.7;-87.8;-87.7;-88.0;-87.8;-87.5;-87.8;-87.6;-87.7;-88.2;-87.8;-87.9;-88.0;-87.8;-87.8;-87.7;-87.9;-87.6;-87.7;-87.9;-87.5;-88.2;-87.9;-87.7;-87.7;-87.9;-87.8;-88.0;-87.9;-87.6;-87.9;-87.3;-88.2;-87.6;-87.9;-87.8;-88.2;-88.0;-87.8;-87.2;-87.8;-87.8;-87.8;-88.0;-87.6;-87.7;-87.6;-87.6;-87.6;-87.8;-88.1;-87.4;-87.9;
-87.7;-88.0;-87.6;-88.0;-87.9;-87.7;-87.8;-87.6;-87.7;-87.9;-87.6;-87.5;-87.7;-88.0;-87.9;-87.7;-87.4;-87.9;-87.7;-87.7;-87.7;-87.9;-87.7;-87.7;-87.8;-87.8;-88.0;-87.9;-87.8;-87.8;-87.7;-87.5;-87.4;-87.7;-87.9;-87.7;-87.9;-87.8;-87.5;-87.8;-87.8;-87.9;-87.6;-87.7;-88.0;-87.8;-88.0;-87.8;-87.7;-87.6;-87.6;-87.7;-87.7;-87.5;-87.6;-87.8;-87.8;-87.9;-87.9;-87.8;-87.6;-87.8;-87.8;-88.0;-87.6;-87.8;-87.7;-87.7;-87.7;-87.8;-88.0;-87.7;-87.6;-87.8;-88.0;-87.9;-87.8;-87.8;-87.7;-87.7;-87.9;-87.8;-87.9;-88.0;-87.7;-87.9;-87.8;-87.7;-87.8;-88.1;-87.7;-87.7;-87.8;-88.0;-87.6;-87.7;-87.9;-87.7;-87.6;-87.7;
-87.6;-87.8;-87.9;-87.8;-87.9;-87.8;-87.9;-87.3;-87.5;-87.9;-87.5;-87.9;-88.0;-88.0;-87.7;-87.7;-88.1;-87.6;-87.8;-88.0;-87.7;-87.9;-87.7;-87.8;-87.9;-87.8;-87.4;-88.0;-88.0;-87.7;-87.9;-87.8;-87.3;-87.7;-87.9;-87.4;-87.7;-87.9;-88.0;-87.8;-87.9;-87.8;-87.8;-87.9;-87.7;-88.1;-87.8;-87.9;-87.7;-88.2;-87.8;-87.7;-87.9;-87.7;-87.7;-87.8;-87.9;-87.6;-87.8;-87.6;-87.9;-87.5;-88.0;-87.6;-87.8;-87.9;-87.6;-87.4;-87.8;-88.0;-87.9;-87.9;-87.5;-87.8;-87.8;-87.6;-87.9;-87.9;-88.1;-87.4;-87.5;-87.7;-87.9;-88.2;-87.9;-87.7;-87.7;-87.8;-87.6;-87.6;-87.7;-87.6;-87.4;-88.0;-88.1;-87.8;-87.8;-87.9;-87.9;-87.8;
-87.9;-87.8;-88.0;-87.7;-88.0;-87.9;-87.8;-88.0;-88.1;-87.7;-87.9;-88.0;-87.8;-88.0;-87.8;-87.7;-87.9;-87.9;-87.7;-88.0;-88.0;-87.8;-87.7;-88.0;-87.9;-88.0;-88.2;-87.8;-87.9;-88.1;-88.1;-87.6;-88.1;-87.9;-87.6;-87.8;-88.1;-87.7;-87.9;-87.9;-87.9;-87.9;-88.0;-87.8;-87.8;-87.7;-87.4;-87.9;-88.1;-87.6;-87.9;-87.7;-87.8;-87.5;-87.9;-88.0;-87.6;-87.9;-88.0;-87.7;-87.9;-88.0;-87.7;-87.9;-87.9;-87.7;-87.7;-87.8;-87.8;-87.7;-88.0;-87.8;-87.7;-87.9;-87.9;-87.9;-87.7;-88.1;-87.7;-88.1;-87.5;-87.6;-87.9;-87.9;-87.6;-87.9;-87.9;-87.7;-87.7;-88.0;-87.8;-88.0;-87.9;-87.7;-87.7;-87.8;-87.6;-87.8;-87.7;-87.7;
-87.9;-87.8;-87.5;-87.7;-88.0;-87.6;-87.9;-87.9;-87.8;-87.9;-87.6;-87.9;-88.0;-87.6;-87.8;-87.9;-87.7;-87.6;-87.9;-87.6;-88.2;-87.9;-87.5;-88.0;-87.9;-87.4;-87.9;-88.1;-87.3;-87.7;-88.1;-87.6;-87.6;-87.8;-88.0;-88.0;-87.6;-87.6;-87.9;-88.0;-87.7;-87.8;-87.5;-87.7;-87.5;-87.7;-88.1;-87.7;-87.8;-87.9;-87.7;-87.6;-88.2;-87.9;-87.8;-87.8;-87.5;-87.7;-87.7;-87.8;-87.8;-87.9;-87.4;-87.7;-87.9;-88.2;-87.8;-87.8;-87.7;-87.7;-88.0;-88.0;-87.8;-87.8;-88.0;-87.7;-87.8;-87.7;-87.8;-87.9;-88.0;-87.7;-87.9;-87.5;-87.5;-87.8;-87.9;-87.7;-87.6;-87.9;-87.8;-87.8;-88.0;-87.6;-87.6;-87.8;-87.7;-87.9;-88.2;-87.7;
-87.9;-87.7;-88.1;-87.6;-87.8;-87.8;-87.5;-87.7;-87.6;-87.6;-88.2;-87.8;-87.7;-87.8;-88.0;-87.7;-87.7;-87.8;-87.7;-88.0;-87.8;-87.5;-87.8;-87.7;-87.6;-88.1;-87.9;-87.8;-87.6;-87.9;-87.6;-87.8;-87.7;-88.0;-87.9;-88.0;-87.7;-87.7;-88.0;-88.0;-87.8;-87.7;-87.7;-87.8;-87.9;-87.7;-87.9;-88.1;-88.0;-87.5;-87.7;-87.9;-87.8;-87.9;-88.0;-88.2;-87.8;-87.9;-87.5;-87.9;-87.9;-87.8;-87.7;-87.9;-87.8;-87.8;-88.2;-87.9;-87.6;-88.0;-87.8;-87.7;-87.8;-87.6;-87.7;-88.0;-87.7;-87.6;-87.6;-87.8;-87.5;-88.0;-87.8;-87.4;-87.8;-88.0;-87.6;-87.6;-87.8;-88.1;-87.7;-87.9;-88.1;-87.6;-87.7;-87.9;-87.5;-87.9;-87.8;-87.9;
-88.0;-87.4;-87.9;-87.8;-87.7;-87.7;-87.7;-87.7;-87.6;-88.0;-87.8;-87.9;-87.8;-88.2;-88.0;-87.5;-87.9;-87.8;-87.6;-87.7;-87.9;-87.7;-87.9;-87.6;-87.6;-87.8;-87.8;-87.8;-87.5;-87.7;-87.6;-87.7;-88.1;-87.7;-87.6;-88.0;-87.7;-87.6;-88.0;-87.8;-87.4;-87.6;-87.8;-87.6;-88.0;-87.9;-87.3;-88.0;-87.9;-87.7;-88.1;-88.0;-87.9;-88.0;-87.8;-87.5;-87.8;-88.0;-87.7;-87.8;-87.7;-87.9;-87.6;-87.6;-88.0;-87.9;-88.2;-87.7;-87.7;-87.8;-88.0;-87.6;-87.7;-87.6;-87.6;-88.0;-88.0;-87.9;-87.9;-87.8;-87.6;-87.7;-87.7;-87.9;-87.2;-87.8;-87.4;-87.7;-87.8;-87.7;-87.4;-87.8;-87.8;-88.1;-88.0;-88.0;-87.3;-87.7;-87.8;-87.9;
-87.8;-88.1;-87.5;-87.8;-88.0;-87.8;-87.9;-87.7;-87.7;-87.7;-87.7;-87.6;-88.0;-88.0;-87.8;-88.0;-87.7;-87.8;-87.5;-87.9;-87.4;-87.7;-88.1;-87.8;-87.9;-87.6;-87.9;-88.3;-87.8;-87.8;-87.8;-87.9;-88.0;-87.8;-87.7;-87.8;-87.6;-88.0;-87.8;-87.9;-87.7;-87.8;-87.8;-87.8;-88.0;-87.8;-87.8;-87.9;-87.6;-87.7;-87.7;-87.8;-87.9;-87.6;-87.6;-87.8;-87.8;-87.8;-87.5;-87.9;-88.0;-88.0;-87.9;-87.6;-87.6;-87.7;-87.5;-87.6;-88.0;-88.1;-87.8;-87.8;-87.9;-87.6;-88.1;-87.6;-87.5;-87.6;-87.9;-87.8;-87.8;-87.6;-87.8;-87.8;-87.8;-87.8;-87.4;-88.0;-87.5;-87.5;-87.9;-87.6;-87.6;-87.8;-87.9;-87.6;-87.8;-87.7;-87.9;-87.9;
-87.9;-88.0;-87.7;-87.6;-87.9;-87.7;-87.8;-87.9;-87.8;-87.8;-87.9;-87.9;-88.0;-88.1;-87.3;-88.0;-87.7;-87.8;-87.8;-87.8;-87.8;-87.9;-88.0;-87.7;-88.1;-87.9;-87.8;-88.2;-87.7;-87.6;-87.9;-88.0;-87.9;-87.9;-87.9;-87.9;-87.7;-87.5;-87.6;-87.8;-87.7;-87.9;-87.8;-88.0;-87.5;-87.9;-87.9;-87.9;-87.9;-87.9;-87.7;-87.5;-87.7;-87.8;-87.8;-87.4;-88.2;-87.7;-87.7;-88.0;-88.0;-87.5;-88.0;-87.8;-87.8;-87.9;-87.9;-88.0;-87.9;-87.6;-87.5;-88.1;-88.1;-87.7;-87.7;-87.9;-87.8;-88.2;-88.0;-87.8;-87.7;-87.8;-87.8;-87.6;-88.1;-87.7;-87.8;-87.7;-87.9;-87.5;-88.2;-87.7;-87.7;-87.6;-87.8;-87.8;-88.0;-87.9;-87.9;-87.8;
-87.9;-87.8;-87.6;-88.0;-87.7;-88.1;-87.5;-86.5;-87.9;-87.9;-87.6;-87.7;-87.7;-87.5;-87.8;-87.8;-87.7;-87.8;-87.6;-87.7;-87.6;-87.7;-87.8;-87.9;-87.8;-87.5;-87.7;-87.9;-87.5;-87.5;-87.8;-87.8;-87.6;-87.9;-87.3;-87.7;-87.9;-87.8;-87.4;-88.0;-87.6;-88.0;-87.6;-87.8;-87.5;-87.9;-87.6;-87.8;-87.7;-87.6;-87.8;-87.6;-88.0;-87.4;-88.0;-87.9;-87.7;-87.8;-87.9;-87.7;-87.7;-87.7;-87.7;-87.8;-87.9;-87.7;-87.8;-87.8;-87.8;-87.7;-88.0;-87.5;-87.8;-87.7;-87.7;-87.9;-87.8;-87.7;-87.7;-87.7;-87.9;-87.4;-87.6;-87.8;-87.9;-88.0;-88.1;-87.7;-87.7;-88.1;-87.8;-87.7;-87.7;-87.8;-87.5;-87.8;-87.7;-87.5;-88.2;-87.7;
-87.8;-87.8;-87.5;-87.8;-87.9;-87.7;-88.0;-87.6;-87.9;-87.7;-87.8;-87.5;-87.7;-87.9;-87.7;-87.8;-87.7;-87.9;-87.9;-87.8;-87.8;-87.9;-87.8;-87.9;-87.4;-88.2;-87.4;-87.8;-87.8;-87.6;-88.1;-87.7;-87.8;-88.1;-87.9;-87.5;-87.7;-88.0;-87.5;-87.6;-87.7;-87.8;-87.6;-87.8;-87.7;-87.6;-87.9;-87.6;-87.6;-87.7;-87.6;-87.6;-87.8;-87.6;-87.5;-87.9;-87.5;-87.7;-87.9;-87.9;-87.7;-88.1;-87.7;-87.5;-87.7;-87.8;-87.8;-87.8;-87.7;-87.7;-88.0;-88.1;-87.7;-87.8;-88.0;-87.7;-88.0;-87.8;-87.5;-87.9;-88.0;-87.9;-87.6;-87.8;-87.5;-87.8;-88.0;-87.6;-87.7;-88.0;-87.6;-87.7;-87.5;-88.1;-87.6;-87.6;-87.9;-87.4;-87.8;-87.9;
-88.0;-87.6;-88.0;-87.8;-87.8;-87.8;-87.8;-87.6;-88.1;-87.6;-88.0;-88.0;-87.6;-87.8;-88.0;-87.8;-88.1;-87.8;-87.5;-87.6;-88.0;-88.2;-87.9;-88.1;-87.9;-87.7;-88.0;-87.7;-87.5;-88.1;-87.8;-87.9;-88.0;-87.8;-87.7;-87.8;-87.7;-87.7;-88.1;-88.0;-88.0;-87.5;-88.0;-87.5;-87.9;-88.0;-87.6;-87.6;-88.2;-87.5;-88.0;-87.9;-87.5;-87.6;-87.7;-87.6;-87.9;-87.7;-88.1;-88.1;-87.8;-87.8;-87.6;-87.7;-87.8;-87.8;-87.6;-88.3;-87.6;-88.0;-87.7;-87.8;-87.6;-87.9;-88.1;-87.6;-87.7;-87.8;-88.2;-88.1;-88.2;-87.9;-88.0;-88.0;-87.5;-87.9;-88.0;-87.7;-87.7;-88.0;-87.7;-87.9;-87.9;-87.9;-87.9;-88.0;-87.7;-88.0;-87.9;-87.5;
-88.2;-87.8;-87.7;-87.9;-87.9;-87.6;-87.7;-87.1;-87.7;-88.2;-88.0;-87.9;-88.0;-87.8;-87.9;-87.8;-87.6;-87.8;-88.1;-87.4;-88.0;-87.9;-87.7;-87.9;-87.9;-87.5;-87.9;-87.6;-87.6;-87.6;-87.9;-87.7;-87.6;-87.9;-87.9;-87.6;-87.9;-88.1;-87.6;-88.0;-87.7;-87.8;-87.9;-87.9;-87.7;-87.7;-87.9;-87.5;-88.0;-87.6;-87.7;-87.8;-87.8;-87.8;-87.7;-88.1;-87.5;-87.7;-87.9;-87.9;-87.9;-87.9;-88.1;-87.8;-87.8;-87.4;-87.8;-87.6;-87.9;-87.7;-87.9;-87.7;-87.6;-87.9;-88.0;-87.7;-87.7;-87.8;-87.2;-87.8;-87.8;-87.3;-87.9;-87.6;-87.6;-87.9;-87.9;-87.7;-87.6;-87.9;-87.5;-87.7;-87.7;-87.8;-87.6;-87.8;-87.9;-87.7;-88.1;-87.9;
-88.1;-88.0;-87.7;-87.8;-87.8;-87.8;-87.8;-87.1;-87.7;-88.0;-87.5;-87.6;-87.9;-87.8;-87.9;-87.8;-88.0;-87.6;-87.8;-87.7;-87.8;-87.7;-87.8;-87.8;-87.8;-87.8;-87.6;-87.6;-87.9;-87.6;-87.8;-87.5;-87.7;-87.8;-87.9;-87.6;-88.0;-87.6;-87.8;-87.7;-88.0;-87.7;-87.5;-88.0;-87.5;-87.7;-87.8;-88.1;-87.8;-87.9;-88.0;-87.8;-87.7;-88.0;-87.9;-88.0;-88.2;-87.5;-87.7;-87.9;-87.6;-88.0;-87.8;-87.7;-87.8;-88.1;-87.2;-87.9;-87.9;-87.6;-87.2;-88.0;-87.5;-87.7;-88.1;-87.8;-87.5;-88.0;-87.9;-88.0;-87.7;-87.8;-87.4;-87.7;-87.8;-87.5;-87.6;-88.1;-87.6;-87.6;-87.9;-87.4;-87.7;-87.6;-87.9;-87.6;-88.0;-87.9;-87.9;-87.9;
-87.8;-87.8;-87.7;-87.8;-88.0;-88.0;-87.9;-87.8;-88.0;-87.5;-87.7;-88.0;-87.6;-87.7;-87.8;-87.8;-87.7;-87.7;-87.8;-87.6;-88.2;-87.8;-87.8;-87.7;-87.6;-87.7;-87.9;-87.7;-87.6;-88.3;-88.0;-87.7;-88.1;-87.8;-87.4;-87.9;-87.8;-87.7;-88.0;-87.9;-87.6;-88.1;-87.7;-87.9;-87.9;-88.0;-87.8;-87.8;-87.9;-87.8;-87.7;-87.8;-87.6;-87.9;-87.8;-87.6;-87.5;-87.9;-87.7;-87.8;-87.7;-87.7;-87.6;-87.8;-88.1;-87.5;-87.8;-87.8;-87.9;-87.6;-88.0;-88.0;-87.4;-88.0;-87.8;-88.2;-88.0;-87.5;-88.0;-87.5;-87.7;-87.6;-88.1;-87.9;-87.7;-87.9;-87.8;-87.6;-88.0;-87.7;-88.0;-87.7;-87.9;-87.9;-87.8;-88.2;-87.7;-88.0;-87.6;-87.8;
-87.8;-87.8;-87.6;-88.2;-87.7;-87.7;-88.3;-87.8;-87.6;-88.0;-87.7;-87.9;-87.8;-87.7;-88.0;-87.6;-87.8;-88.2;-87.9;-87.7;-87.9;-87.8;-87.8;-87.8;-88.0;-87.6;-87.6;-87.8;-88.0;-88.1;-88.1;-87.7;-87.4;-88.0;-87.7;-88.0;-87.8;-87.7;-87.9;-87.9;-87.8;-87.6;-87.8;-87.7;-87.7;-88.0;-87.9;-87.8;-87.8;-87.9;-87.6;-88.1;-87.6;-87.8;-87.9;-88.1;-87.5;-87.9;-87.8;-87.7;-87.7;-87.9;-87.8;-87.9;-87.8;-87.8;-87.8;-88.0;-87.7;-87.9;-88.1;-88.2;-87.5;-87.8;-87.8;-87.9;-87.9;-87.7;-87.7;-88.3;-87.7;-87.6;-87.9;-87.9;-87.9;-88.1;-87.9;-87.9;-87.9;-87.7;-87.6;-87.8;-87.7;-88.1;-87.7;-88.0;-87.9;-87.8;-88.1;-88.0;
-87.7;-87.6;-87.7;-87.9;-87.6;-87.8;-87.6;-87.0;-87.5;-87.7;-87.8;-88.2;-87.8;-87.9;-87.9;-87.7;-87.8;-87.6;-87.9;-88.1;-87.7;-87.9;-87.9;-87.9;-87.9;-87.8;-87.7;-87.6;-87.9;-88.0;-88.0;-87.9;-87.9;-87.6;-87.8;-88.0;-87.8;-88.0;-87.8;-87.6;-87.8;-87.7;-87.8;-87.5;-87.9;-87.8;-88.0;-88.0;-88.1;-87.5;-87.7;-87.7;-87.4;-87.9;-87.9;-87.4;-87.7;-87.9;-88.1;-87.6;-88.0;-87.8;-87.6;-87.6;-87.9;-87.8;-87.8;-87.6;-87.8;-88.2;-88.0;-88.0;-87.8;-87.8;-88.1;-87.6;-88.0;-87.8;-87.8;-88.0;-87.9;-87.7;-88.0;-87.8;-88.0;-87.7;-87.6;-87.8;-88.1;-88.0;-87.6;-88.0;-88.1;-87.8;-88.1;-87.9;-87.4;-87.8;-88.1;-87.7;
-88.0;-87.6;-87.9;-87.6;-87.8;-88.1;-87.9;-87.3;-87.8;-87.8;-87.9;-87.9;-87.7;-87.8;-87.7;-88.0;-88.0;-88.0;-87.8;-88.0;-88.1;-88.1;-87.7;-87.8;-87.9;-87.8;-87.8;-87.5;-87.8;-87.8;-87.3;-87.9;-88.0;-87.9;-87.5;-87.9;-87.7;-87.7;-87.9;-87.8;-87.6;-88.0;-88.0;-87.8;-87.6;-88.1;-87.3;-87.8;-88.1;-87.4;-87.9;-88.2;-87.7;-87.9;-87.8;-88.0;-87.7;-88.0;-87.7;-87.8;-88.0;-87.8;-87.8;-87.7;-87.6;-87.9;-88.0;-87.6;-87.6;-87.7;-88.0;-87.6;-87.8;-87.7;-87.7;-87.9;-87.8;-87.8;-87.6;-87.9;-87.9;-87.6;-87.6;-87.9;-87.6;-88.0;-88.0;-87.6;-87.6;-87.8;-87.6;-87.8;-87.8;-87.6;-87.8;-87.8;-87.8;-87.6;-88.2;-87.7;
-87.9;-87.6;-87.7;-88.1;-87.7;-87.9;-88.1;-87.6;-87.9;-87.8;-87.7;-87.8;-87.8;-87.9;-87.9;-87.8;-87.7;-87.9;-87.7;-87.8;-87.9;-87.7;-87.7;-88.1;-87.7;-87.4;-87.8;-88.0;-87.5;-87.7;-88.2;-87.7;-87.9;-87.7;-87.8;-87.8;-87.9;-87.8;-87.9;-88.1;-87.8;-87.7;-88.2;-87.6;-87.3;-88.0;-87.6;-87.9;-88.1;-87.5;-87.7;-88.1;-88.1;-88.1;-88.0;-88.1;-87.8;-87.9;-88.1;-87.8;-87.7;-87.9;-87.8;-87.8;-87.9;-87.8;-87.8;-88.1;-87.8;-87.8;-87.8;-87.6;-87.5;-88.1;-88.1;-87.7;-88.0;-87.6;-87.7;-87.9;-87.8;-87.5;-88.1;-87.8;-87.8;-88.2;-87.8;-87.8;-87.8;-88.0;-87.7;-87.8;-88.0;-88.0;-87.8;-87.8;-87.6;-87.8;-87.9;-87.9;
-88.0;-88.0;-87.8;-88.0;-88.0;-87.7;-87.9;-86.0;-88.1;-88.2;-87.8;-87.9;-87.8;-87.6;-87.9;-87.9;-87.7;-88.0;-88.4;-87.6;-88.0;-88.0;-87.7;-87.6;-88.2;-88.0;-88.1;-87.8;-87.9;-87.8;-87.8;-87.5;-87.7;-88.1;-87.8;-87.7;-88.2;-87.8;-88.0;-87.8;-87.6;-87.6;-87.7;-88.1;-87.6;-88.0;-87.8;-87.6;-87.9;-87.9;-87.6;-87.8;-87.9;-87.8;-87.7;-87.9;-87.8;-87.6;-87.8;-87.9;-87.8;-88.0;-87.7;-87.9;-87.9;-87.9;-87.6;-88.0;-87.6;-87.7;-88.2;-88.1;-87.9;-87.7;-87.7;-88.0;-88.0;-87.8;-87.9;-87.9;-87.9;-87.8;-87.7;-88.1;-87.5;-87.9;-87.6;-87.6;-87.8;-88.0;-87.7;-87.8;-87.7;-87.6;-87.4;-88.0;-88.0;-87.6;-88.0;-87.9;
-87.7;-88.3;-87.7;-87.6;-87.8;-87.8;-87.9;-86.3;-87.9;-88.2;-88.1;-88.1;-87.9;-87.8;-87.9;-88.1;-87.5;-87.6;-87.9;-87.5;-87.8;-88.3;-87.6;-87.7;-87.8;-87.9;-87.7;-87.8;-87.7;-87.8;-87.8;-87.8;-87.7;-88.0;-88.0;-87.7;-88.0;-87.9;-87.7;-87.9;-88.0;-87.8;-87.9;-87.9;-87.9;-87.8;-88.1;-87.6;-87.8;-88.1;-87.8;-87.5;-88.1;-87.9;-88.1;-88.3;-87.8;-87.2;-88.0;-88.0;-87.4;-88.0;-88.2;-87.6;-87.7;-87.9;-87.6;-87.7;-88.0;-87.6;-87.7;-87.9;-87.6;-87.6;-87.7;-88.0;-87.9;-88.1;-88.0;-87.5;-88.1;-87.7;-87.8;-88.0;-88.0;-87.8;-88.1;-88.0;-87.9;-87.6;-87.6;-87.9;-87.8;-88.0;-87.6;-87.8;-87.9;-87.6;-87.8;-88.1;
-87.6;-87.7;-87.8;-88.0;-87.9;-88.0;-87.9;-87.6;-87.9;-87.7;-87.6;-87.9;-88.0;-87.7;-87.7;-87.8;-87.9;-87.8;-87.8;-88.2;-87.4;-88.0;-87.9;-88.0;-87.8;-88.1;-87.9;-87.6;-88.0;-87.8;-87.6;-87.8;-88.1;-87.6;-87.6;-87.9;-87.8;-87.7;-88.1;-88.1;-87.4;-87.7;-87.7;-87.7;-88.0;-88.0;-87.9;-87.4;-87.9;-87.6;-87.7;-87.7;-87.4;-87.8;-87.7;-87.8;-87.8;-87.4;-87.7;-87.6;-88.0;-87.6;-87.5;-87.8;-87.8;-87.5;-88.0;-87.8;-87.9;-88.0;-87.9;-87.8;-87.8;-87.8;-87.5;-87.9;-88.3;-87.5;-88.0;-88.0;-87.5;-87.5;-87.9;-87.3;-87.6;-88.0;-87.9;-87.7;-87.7;-87.9;-87.8;-87.6;-87.9;-87.7;-87.8;-88.0;-87.7;-87.6;-87.8;-87.4;
-87.7;-87.9;-87.9;-88.1;-87.8;-88.1;-87.5;-87.3;-88.0;-87.5;-87.9;-88.0;-87.9;-88.0;-87.6;-87.6;-88.1;-88.0;-87.5;-87.7;-88.0;-87.9;-87.6;-88.0;-87.6;-87.8;-88.0;-87.7;-87.8;-88.1;-87.6;-87.9;-87.9;-88.0;-87.7;-87.9;-87.7;-87.6;-87.7;-88.3;-87.7;-87.7;-88.0;-87.8;-87.7;-88.2;-88.0;-87.6;-87.8;-87.4;-88.1;-88.0;-87.8;-87.7;-88.2;-87.3;-87.9;-87.8;-88.0;-87.8;-87.9;-87.9;-87.5;-88.0;-87.8;-87.8;-87.8;-88.1;-87.5;-87.9;-87.6;-87.7;-87.7;-87.9;-87.7;-88.2;-87.9;-87.6;-88.0;-87.9;-88.1;-87.8;-87.8;-87.9;-87.7;-87.9;-87.5;-87.7;-87.9;-87.8;-87.6;-88.0;-87.7;-87.9;-88.2;-88.0;-87.7;-87.9;-88.0;-87.9;
-87.8;-87.9;-88.3;-87.8;-87.6;-88.0;-87.9;-87.6;-87.8;-87.7;-87.7;-87.6;-87.8;-88.0;-87.9;-87.9;-87.9;-87.9;-87.7;-87.7;-87.8;-87.7;-88.0;-87.9;-87.8;-87.7;-88.0;-87.7;-87.6;-88.0;-88.1;-87.4;-87.8;-88.0;-87.6;-88.1;-88.2;-87.7;-88.1;-88.0;-87.6;-88.1;-88.1;-87.5;-88.0;-87.8;-87.5;-87.8;-88.2;-87.8;-87.6;-88.1;-88.0;-87.8;-87.9;-87.6;-87.8;-88.0;-87.9;-87.8;-88.1;-88.0;-87.6;-87.8;-87.9;-87.7;-87.7;-87.9;-87.6;-87.9;-88.2;-87.6;-87.8;-87.7;-87.6;-87.8;-87.5;-87.9;-87.7;-87.9;-87.8;-88.0;-87.6;-87.9;-87.8;-87.7;-88.1;-87.3;-88.1;-87.9;-87.6;-87.8;-87.9;-87.8;-87.7;-87.9;-87.8;-87.6;-87.8;-87.7;
-87.8;-88.0;-87.7;-88.1;-87.6;-88.0;-87.7;-88.0;-87.5;-87.9;-88.1;-87.8;-88.1;-87.9;-87.9;-88.0;-87.9;-87.6;-88.0;-88.2;-87.4;-87.8;-88.1;-87.5;-87.8;-88.0;-87.9;-87.5;-87.8;-88.0;-87.7;-88.0;-88.1;-87.7;-87.9;-88.1;-87.6;-88.2;-87.8;-87.7;-87.7;-88.1;-87.5;-87.9;-87.9;-87.7;-87.5;-88.0;-87.8;-88.2;-87.8;-87.5;-87.7;-87.9;-87.9;-87.9;-88.1;-88.0;-87.5;-88.3;-87.8;-87.7;-87.8;-87.7;-87.9;-87.9;-87.7;-87.9;-88.2;-88.1;-87.7;-87.6;-88.0;-87.8;-87.8;-88.1;-88.0;-87.6;-87.9;-87.8;-87.6;-87.8;-87.6;-87.7;-88.0;-87.8;-87.7;-88.0;-88.1;-87.9;-88.2;-87.9;-87.9;-88.0;-87.9;-87.6;-88.2;-88.0;-88.1;-87.6;
-87.4;-87.6;-88.1;-87.8;-87.7;-88.0;-87.5;-87.4;-88.0;-87.6;-87.7;-88.3;-87.9;-88.0;-87.9;-88.0;-87.9;-87.9;-87.7;-88.2;-88.0;-87.7;-88.1;-88.0;-87.7;-87.7;-87.8;-87.9;-87.6;-88.1;-87.5;-87.7;-87.9;-87.6;-87.6;-88.1;-87.8;-87.6;-87.9;-87.7;-87.5;-88.1;-87.7;-87.9;-87.8;-88.0;-87.8;-87.7;-87.9;-87.5;-87.8;-87.6;-87.6;-87.7;-87.8;-87.8;-87.8;-87.9;-87.7;-88.0;-87.9;-87.6;-87.7;-87.7;-87.7;-87.6;-87.8;-87.8;-87.7;-87.9;-88.0;-87.6;-87.9;-87.7;-87.8;-87.9;-87.7;-87.7;-88.2;-87.8;-87.7;-88.0;-87.9;-87.9;-88.1;-87.9;-87.6;-87.9;-87.9;-87.7;-87.7;-87.9;-87.7;-87.9;-87.8;-87.8;-87.8;-88.0;-87.6;-87.5;
-88.0;-87.9;-87.5;-87.9;-88.1;-87.8;-87.9;-87.9;-87.8;-88.2;-87.5;-88.0;-88.3;-87.6;-88.1;-88.0;-87.7;-87.7;-87.8;-87.6;-87.9;-87.7;-87.8;-87.8;-87.7;-88.1;-87.6;-88.0;-87.9;-87.6;-88.0;-87.7;-87.7;-87.9;-88.0;-87.8;-88.1;-88.0;-88.0;-87.7;-88.0;-87.7;-87.7;-87.6;-87.9;-88.0;-87.7;-87.8;-87.7;-88.0;-87.5;-87.4;-88.1;-87.7;-87.7;-87.8;-87.8;-87.9;-87.7;-87.9;-87.6;-87.7;-87.9;-88.0;-88.0;-88.0;-87.9;-88.0;-87.9;-87.8;-87.8;-87.4;-87.9;-87.7;-87.9;-87.7;-87.7;-88.0;-87.6;-87.8;-88.2;-88.0;-87.8;-88.0;-87.7;-88.0;-87.6;-88.0;-87.6;-88.0;-88.0;-87.7;-88.0;-87.8;-87.7;-87.7;-88.0;-87.5;-87.7;-87.6;
-88.2;-87.8;-87.9;-87.6;-88.2;-87.8;-87.6;-87.8;-87.5;-88.3;-87.7;-87.7;-88.0;-87.5;-87.9;-87.8;-87.7;-87.7;-88.1;-87.7;-87.9;-87.8;-87.8;-87.5;-87.9;-87.9;-87.8;-87.9;-87.2;-87.7;-87.7;-87.9;-87.6;-87.8;-87.9;-87.6;-87.9;-87.8;-87.8;-87.8;-88.0;-87.4;-88.0;-87.9;-87.4;-88.0;-88.0;-88.0;-87.8;-87.7;-87.7;-87.6;-87.8;-87.8;-87.8;-88.0;-87.9;-87.8;-88.0;-88.1;-87.6;-88.0;-88.1;-87.3;-87.7;-88.1;-87.6;-87.8;-88.1;-87.8;-87.6;-87.7;-87.6;-87.7;-88.1;-87.9;-87.6;-87.8;-87.7;-87.5;-87.8;-88.0;-87.6;-87.9;-87.9;-87.5;-87.9;-88.0;-87.6;-88.1;-87.9;-87.8;-87.7;-88.0;-87.9;-87.7;-87.8;-87.8;-87.6;-87.9;
-88.0;-87.9;-87.8;-88.1;-87.6;-87.7;-87.8;-88.0;-87.9;-87.7;-87.9;-88.1;-88.0;-87.8;-88.0;-88.0;-87.9;-87.9;-88.3;-87.8;-87.9;-88.2;-88.1;-87.8;-88.0;-87.8;-87.6;-87.8;-87.6;-88.0;-88.1;-88.1;-88.0;-87.8;-87.8;-87.8;-87.9;-88.1;-87.7;-87.9;-87.9;-87.7;-87.8;-88.1;-87.7;-87.9;-87.8;-88.0;-87.8;-87.9;-87.7;-87.4;-88.0;-88.0;-87.7;-88.0;-87.8;-87.9;-88.0;-87.8;-87.9;-88.2;-87.9;-87.8;-88.0;-88.1;-87.5;-88.1;-87.4;-87.6;-87.9;-87.7;-87.9;-87.4;-88.0;-87.6;-88.0;-87.9;-88.0;-87.9;-87.9;-87.9;-87.5;-87.9;-87.7;-87.7;-87.9;-88.0;-87.6;-87.4;-88.0;-87.7;-87.6;-88.2;-87.7;-87.9;-87.9;-87.8;-87.9;-87.8;
-87.9;-87.5;-88.0;-87.8;-87.8;-87.9;-87.9;-82.0;-88.1;-87.8;-88.0;-87.9;-88.0;-88.1;-87.6;-87.7;-87.9;-87.8;-87.8;-87.5;-88.0;-87.9;-87.7;-88.1;-87.9;-87.9;-87.6;-87.8;-87.4;-88.0;-87.9;-87.7;-87.8;-88.0;-87.9;-88.1;-87.9;-87.8;-88.1;-88.1;-87.4;-88.0;-88.0;-87.6;-87.9;-88.0;-88.0;-87.9;-88.1;-87.9;-88.2;-87.8;-87.5;-87.6;-88.0;-87.6;-87.7;-87.9;-88.2;-87.9;-88.0;-87.8;-87.6;-87.9;-87.5;-87.6;-87.8;-88.0;-87.8;-87.9;-87.9;-87.7;-88.0;-87.9;-87.7;-88.1;-87.7;-88.0;-87.9;-88.1;-87.7;-87.8;-87.8;-88.0;-87.6;-88.0;-87.9;-87.7;-87.7;-87.7;-87.5;-87.9;-87.8;-87.7;-87.4;-87.9;-87.6;-87.8;-88.0;-87.6;
-87.8;-87.8;-88.0;-87.9;-87.9;-87.9;-87.8;-87.4;-88.0;-87.6;-87.7;-88.1;-87.8;-87.6;-87.8;-87.8;-87.7;-87.8;-87.9;-87.9;-88.0;-87.6;-87.8;-88.0;-87.7;-87.5;-87.9;-87.9;-87.6;-87.7;-87.9;-87.6;-88.1;-88.0;-87.7;-87.8;-88.1;-87.5;-87.8;-87.9;-87.9;-87.9;-87.9;-87.7;-88.0;-87.9;-87.7;-87.8;-87.9;-87.8;-87.6;-88.2;-88.0;-87.8;-88.1;-87.8;-87.6;-87.8;-87.7;-87.5;-87.7;-88.0;-87.6;-88.1;-87.8;-87.7;-87.7;-87.8;-88.0;-87.8;-88.0;-87.9;-87.8;-88.0;-87.8;-87.9;-88.0;-87.6;-87.7;-88.1;-87.9;-88.0;-88.1;-88.0;-87.9;-88.1;-88.0;-87.9;-88.0;-88.2;-87.8;-87.9;-87.9;-87.7;-87.7;-88.1;-87.7;-87.9;-88.0;-87.7;
-87.9;-87.4;-87.8;-87.7;-87.8;-87.9;-88.1;-82.9;-87.8;-87.8;-87.9;-88.1;-87.9;-87.9;-87.7;-87.9;-87.8;-87.9;-88.0;-87.7;-87.8;-88.1;-88.1;-87.6;-87.8;-87.9;-87.7;-87.9;-88.1;-87.5;-88.0;-87.9;-87.7;-87.7;-87.9;-87.6;-87.7;-87.9;-87.7;-87.7;-87.9;-87.5;-87.8;-87.9;-88.1;-88.0;-88.1;-88.2;-87.6;-88.1;-87.8;-87.7;-87.9;-87.6;-87.6;-88.0;-88.3;-87.7;-88.1;-88.1;-87.6;-87.7;-87.8;-88.0;-87.6;-88.2;-87.6;-87.7;-88.2;-87.6;-87.8;-88.1;-87.6;-87.9;-88.0;-87.7;-87.9;-87.8;-87.9;-87.9;-87.8;-88.0;-87.7;-88.0;-88.0;-87.9;-88.4;-88.3;-87.9;-88.2;-88.0;-88.0;-87.8;-87.8;-88.0;-87.8;-88.2;-87.8;-87.8;-87.8;
-87.7;-87.6;-87.9;-88.0;-87.7;-87.7;-87.7;-79.7;-87.8;-87.8;-88.0;-87.9;-87.6;-87.5;-87.9;-88.1;-87.7;-87.8;-88.3;-88.1;-88.0;-87.9;-87.7;-87.9;-87.9;-87.9;-87.8;-87.9;-88.1;-87.7;-87.5;-87.9;-87.6;-87.9;-87.8;-87.7;-87.6;-87.7;-88.0;-87.7;-87.5;-87.9;-87.3;-87.9;-87.7;-87.8;-87.8;-87.7;-87.4;-88.2;-88.0;-87.7;-87.4;-87.9;-88.0;-87.7;-88.0;-87.8;-87.8;-87.7;-87.7;-87.6;-87.9;-87.8;-87.6;-87.7;-87.7;-87.7;-88.0;-87.8;-87.3;-87.6;-87.5;-87.7;-87.7;-87.8;-87.6;-88.0;-87.8;-87.8;-88.0;-87.6;-87.6;-87.8;-88.0;-87.8;-87.6;-88.1;-87.6;-87.7;-87.6;-87.9;-88.0;-87.7;-87.9;-87.7;-87.9;-88.0;-87.8;-88.0;
-87.6;-87.4;-88.1;-87.7;-87.7;-87.7;-88.1;-81.3;-87.7;-87.7;-87.8;-87.6;-87.9;-88.1;-87.7;-88.2;-88.0;-87.9;-88.0;-87.8;-87.6;-87.9;-88.0;-87.7;-87.6;-87.8;-87.5;-88.1;-87.7;-87.7;-87.8;-88.0;-88.0;-87.7;-87.8;-87.7;-87.9;-87.9;-87.8;-87.6;-87.8;-87.8;-88.1;-88.0;-88.0;-87.6;-87.9;-88.0;-88.0;-87.8;-88.2;-87.7;-87.8;-88.1;-87.5;-88.0;-87.8;-87.7;-87.7;-87.9;-87.7;-87.7;-88.2;-87.7;-87.4;-87.9;-87.9;-88.0;-88.0;-87.9;-87.8;-87.9;-87.8;-87.5;-88.0;-88.1;-87.7;-87.5;-88.0;-87.7;-88.0;-87.9;-87.8;-87.7;-87.9;-87.8;-87.8;-87.8;-87.8;-87.9;-88.1;-87.7;-87.6;-87.9;-87.6;-88.1;-88.0;-87.7;-87.9;-88.0;
-87.7;-87.9;-88.0;-87.7;-87.8;-88.1;-88.2;-85.8;-88.0;-87.7;-87.8;-88.1;-87.7;-88.1;-88.0;-87.8;-88.4;-87.7;-87.7;-87.9;-88.3;-87.9;-87.9;-88.0;-87.8;-87.7;-87.7;-87.9;-87.4;-88.2;-87.8;-87.9;-88.0;-87.9;-87.4;-88.0;-87.7;-87.8;-87.7;-87.8;-88.0;-87.8;-87.9;-87.7;-87.8;-88.1;-87.6;-87.9;-87.9;-87.8;-87.6;-87.9;-87.7;-87.6;-88.0;-88.1;-88.0;-88.1;-87.8;-87.9;-87.6;-87.5;-87.9;-87.9;-87.7;-87.7;-87.9;-87.9;-87.6;-88.0;-88.0;-87.7;-88.1;-88.0;-87.5;-87.4;-88.2;-87.9;-87.9;-88.0;-87.8;-87.7;-87.9;-88.1;-87.8;-87.9;-87.9;-87.8;-88.0;-87.9;-87.7;-88.0;-88.0;-87.9;-87.8;-87.9;-87.8;-87.8;-88.2;-88.1;
-87.9;-87.7;-88.0;-87.8;-87.8;-87.9;-87.9;-87.8;-87.7;-87.7;-87.8;-87.9;-87.9;-87.8;-88.0;-88.0;-87.5;-87.9;-88.0;-87.5;-87.8;-87.6;-88.1;-87.6;-87.7;-87.6;-88.2;-87.8;-87.6;-87.8;-88.1;-87.6;-87.9;-87.9;-87.9;-87.5;-87.6;-88.3;-87.6;-87.8;-87.8;-88.0;-88.0;-87.9;-87.8;-88.3;-88.1;-88.0;-88.0;-88.1;-87.8;-87.9;-87.6;-87.9;-87.8;-88.1;-87.7;-88.2;-87.9;-87.8;-87.9;-87.9;-87.9;-88.1;-87.9;-87.9;-87.9;-87.8;-88.0;-87.8;-87.9;-87.9;-87.7;-87.8;-87.9;-87.8;-87.7;-87.9;-87.7;-88.0;-87.8;-88.0;-87.7;-87.6;-87.7;-87.9;-87.9;-87.7;-88.1;-87.9;-88.0;-87.9;-88.1;-87.6;-88.0;-88.1;-87.7;-87.6;-87.7;-88.0;
-87.6;-87.9;-87.7;-87.5;-88.3;-87.9;-87.7;-88.1;-87.8;-87.9;-88.1;-87.8;-87.8;-88.1;-88.2;-88.0;-87.9;-87.8;-88.2;-87.7;-87.9;-88.0;-88.3;-87.6;-87.8;-88.0;-88.0;-87.9;-88.1;-88.2;-87.8;-88.2;-87.9;-87.6;-88.0;-88.0;-87.9;-87.9;-88.1;-87.9;-88.1;-87.8;-87.9;-87.9;-88.1;-87.8;-87.8;-88.1;-87.6;-88.0;-87.5;-87.8;-87.6;-87.8;-88.1;-87.7;-87.9;-88.1;-87.9;-88.0;-87.9;-88.0;-88.0;-87.9;-87.9;-87.8;-88.1;-87.9;-87.7;-87.7;-88.0;-88.1;-88.4;-87.8;-87.5;-88.1;-88.0;-88.0;-87.9;-88.0;-88.2;-88.0;-88.0;-87.9;-87.9;-87.9;-87.8;-88.1;-88.0;-87.7;-87.8;-87.9;-87.8;-87.7;-88.2;-87.8;-88.1;-88.1;-87.9;-87.8;
-87.9;-87.8;-88.1;-87.8;-87.8;-88.3;-87.6;-88.0;-88.0;-87.9;-88.1;-87.9;-87.8;-88.2;-87.9;-87.9;-88.1;-88.0;-87.9;-88.2;-87.8;-88.2;-87.8;-87.9;-87.7;-88.2;-87.9;-88.0;-87.7;-87.8;-87.6;-87.9;-87.9;-87.8;-87.9;-88.0;-87.7;-87.8;-88.2;-87.9;-87.6;-88.3;-87.9;-87.7;-88.3;-88.1;-87.8;-88.3;-88.2;-87.8;-88.2;-88.0;-87.6;-88.0;-87.9;-87.8;-88.1;-87.8;-87.6;-88.0;-88.0;-87.9;-87.8;-88.2;-88.1;-87.6;-88.0;-88.0;-87.9;-88.0;-87.6;-88.0;-88.1;-87.9;-87.8;-87.9;-87.6;-87.9;-88.0;-87.8;-87.6;-87.9;-87.8;-87.8;-88.0;-88.2;-87.6;-87.7;-87.7;-87.6;-87.9;-88.2;-87.8;-87.7;-87.8;-87.7;-87.6;-87.9;-87.8;-87.6;
-87.8;-87.9;-87.7;-87.9;-87.9;-88.0;-88.0;-87.7;-88.0;-87.8;-87.7;-87.8;-87.6;-87.9;-87.8;-87.8;-87.7;-87.8;-87.6;-87.9;-88.1;-87.8;-87.8;-87.9;-87.9;-87.6;-88.0;-88.0;-87.7;-87.9;-87.9;-87.8;-87.6;-87.6;-87.7;-87.9;-87.8;-87.8;-87.8;-87.9;-87.6;-87.9;-88.2;-87.8;-87.7;-88.3;-87.7;-87.7;-87.8;-87.9;-87.8;-87.8;-88.1;-88.0;-87.8;-87.7;-87.7;-87.8;-87.8;-87.8;-88.0;-88.0;-87.8;-87.6;-87.9;-87.6;-87.9;-88.0;-87.9;-88.2;-87.8;-87.9;-88.1;-88.1;-87.7;-87.9;-87.9;-87.4;-87.6;-88.1;-88.0;-87.9;-88.4;-87.9;-87.8;-87.8;-87.7;-87.7;-88.1;-87.7;-87.6;-88.1;-87.9;-87.8;-87.8;-87.9;-87.9;-87.7;-88.1;-87.5;
-87.7;-88.0;-87.8;-87.5;-87.9;-88.0;-87.9;-87.6;-87.7;-88.1;-88.2;-87.6;-87.9;-87.8;-87.8;-87.5;-87.8;-88.0;-87.9;-87.8;-87.9;-87.7;-88.0;-87.5;-88.1;-88.0;-87.9;-87.9;-88.1;-88.0;-88.0;-88.0;-88.0;-87.9;-88.1;-87.8;-87.7;-88.4;-88.1;-87.8;-88.0;-88.1;-87.6;-88.0;-88.1;-88.0;-87.7;-88.0;-87.8;-88.0;-87.7;-87.8;-87.8;-87.8;-88.1;-87.7;-88.1;-87.9;-87.8;-88.2;-87.7;-87.8;-87.8;-87.7;-87.6;-88.0;-88.0;-88.0;-88.0;-87.9;-87.9;-87.9;-88.1;-87.7;-87.8;-88.0;-87.8;-88.0;-87.9;-87.7;-87.7;-87.8;-87.7;-87.7;-88.1;-87.9;-88.0;-87.7;-87.7;-87.5;-88.0;-87.9;-87.7;-88.0;-88.1;-87.5;-87.9;-87.7;-87.9;-88.1;
-87.9;-87.9;-87.7;-87.8;-87.8;-87.7;-88.1;-87.9;-87.8;-88.1;-87.6;-87.7;-88.1;-87.8;-87.9;-87.9;-87.5;-87.9;-88.0;-87.8;-87.9;-88.0;-87.7;-87.6;-87.8;-87.7;-87.4;-87.7;-87.5;-87.9;-88.1;-87.9;-87.6;-88.0;-87.6;-87.5;-88.0;-88.1;-87.8;-88.0;-87.7;-87.8;-88.0;-88.0;-87.8;-87.9;-87.7;-87.8;-88.2;-88.0;-87.7;-87.7;-88.1;-87.9;-87.5;-88.0;-87.9;-87.5;-87.9;-87.8;-87.9;-88.2;-87.8;-88.1;-87.8;-87.8;-87.8;-88.1;-87.8;-87.6;-87.9;-88.0;-87.8;-87.9;-87.8;-87.8;-88.0;-87.9;-87.4;-87.7;-88.2;-87.9;-87.8;-88.1;-88.0;-87.5;-87.8;-87.8;-87.8;-88.0;-87.8;-87.8;-87.8;-87.8;-87.8;-87.9;-87.9;-87.6;-87.8;-87.9;
-88.0;-87.9;-87.9;-88.0;-87.8;-87.8;-88.2;-87.4;-87.6;-87.8;-88.0;-87.9;-88.2;-87.8;-88.1;-88.1;-87.7;-87.7;-87.9;-87.9;-87.9;-87.9;-88.0;-87.7;-87.9;-87.9;-87.4;-88.1;-87.6;-87.7;-88.0;-88.0;-87.9;-87.8;-87.9;-87.6;-88.0;-87.9;-87.8;-87.7;-88.1;-87.8;-87.5;-87.8;-87.6;-87.6;-88.0;-88.2;-87.5;-88.2;-88.1;-87.9;-87.9;-87.8;-87.8;-88.0;-87.9;-88.1;-87.9;-87.9;-87.5;-88.1;-88.1;-87.8;-87.7;-87.8;-87.5;-87.7;-87.8;-87.9;-88.0;-88.2;-87.8;-87.7;-88.0;-87.9;-87.6;-88.3;-87.9;-87.8;-88.0;-88.0;-88.1;-87.9;-88.0;-88.0;-88.1;-87.8;-88.0;-87.9;-88.0;-87.5;-87.9;-87.8;-88.1;-88.0;-87.8;-87.8;-87.9;-87.9;
-87.8;-87.8;-87.7;-88.0;-87.8;-87.9;-88.2;-87.8;-87.7;-87.7;-87.8;-88.0;-87.6;-87.8;-88.2;-88.0;-87.9;-87.9;-87.7;-87.8;-87.9;-87.7;-87.6;-88.2;-88.1;-87.7;-88.0;-87.8;-87.8;-88.1;-87.8;-87.9;-87.9;-88.0;-87.9;-88.0;-87.9;-88.0;-88.1;-88.3;-87.6;-87.8;-88.1;-87.8;-87.9;-88.1;-87.9;-87.7;-88.1;-87.9;-87.9;-88.0;-87.6;-87.7;-88.0;-87.8;-87.6;-87.8;-87.8;-87.8;-88.0;-87.9;-88.0;-87.7;-88.0;-87.8;-88.2;-87.9;-87.7;-88.1;-88.1;-87.8;-87.5;-87.9;-87.9;-87.7;-88.0;-87.9;-87.6;-87.8;-87.7;-87.7;-88.0;-88.0;-88.1;-87.8;-88.0;-87.7;-87.8;-88.0;-87.7;-88.1;-87.8;-87.8;-87.9;-87.9;-87.7;-87.9;-88.0;-88.1;
-88.1;-88.2;-87.8;-88.2;-87.9;-87.8;-87.7;-87.7;-87.8;-88.1;-87.7;-87.8;-87.7;-87.9;-88.1;-88.0;-87.8;-87.7;-87.9;-87.8;-87.8;-88.1;-87.8;-87.6;-87.8;-87.4;-87.8;-87.8;-87.7;-87.9;-87.9;-87.7;-87.8;-88.0;-87.7;-87.7;-87.9;-88.0;-87.9;-87.8;-88.0;-87.6;-88.0;-87.9;-87.9;-88.1;-88.1;-87.8;-87.7;-88.0;-87.9;-87.8;-88.0;-87.7;-88.1;-87.9;-88.1;-87.8;-88.0;-87.5;-87.9;-88.1;-87.8;-87.8;-87.9;-87.8;-87.8;-87.9;-88.0;-87.8;-88.1;-87.9;-87.6;-87.7;-88.0;-87.7;-87.6;-87.9;-88.0;-87.9;-87.8;-87.9;-87.4;-88.1;-88.0;-87.9;-87.9;-87.9;-87.8;-87.9;-88.1;-87.8;-88.2;-88.0;-87.6;-88.0;-87.8;-87.8;-87.9;-87.8;
-87.7;-87.8;-87.4;-87.6;-87.7;-87.9;-87.7;-87.8;-87.9;-87.7;-87.7;-88.0;-87.8;-88.0;-88.0;-87.8;-87.9;-87.8;-87.9;-87.7;-87.7;-87.6;-87.8;-87.9;-87.6;-88.1;-87.9;-87.8;-88.0;-87.9;-87.7;-87.8;-87.8;-87.9;-87.9;-88.0;-87.8;-87.5;-88.0;-87.8;-87.9;-88.2;-87.5;-87.9;-88.0;-87.8;-87.8;-87.9;-87.8;-87.7;-88.1;-87.9;-87.8;-88.1;-88.0;-87.3;-88.1;-87.9;-87.9;-87.8;-87.7;-87.8;-87.9;-87.9;-87.7;-87.9;-87.6;-87.6;-87.9;-88.1;-88.0;-87.7;-87.9;-88.1;-87.7;-88.1;-88.1;-87.4;-87.8;-87.8;-87.9;-87.8;-88.0;-87.6;-88.0;-87.8;-87.7;-87.9;-88.0;-88.2;-87.9;-88.1;-88.0;-87.8;-88.1;-87.9;-87.6;-88.0;-88.0;-87.3;
-88.0;-87.8;-87.9;-88.0;-87.7;-88.0;-87.6;-81.7;-87.7;-88.1;-88.3;-87.8;-88.0;-88.1;-87.9;-88.0;-87.9;-87.6;-88.0;-87.6;-87.8;-87.7;-87.7;-87.8;-87.9;-88.0;-87.6;-87.9;-87.2;-87.8;-87.8;-87.8;-87.7;-87.6;-87.7;-87.9;-87.8;-88.0;-87.8;-87.7;-87.8;-87.7;-87.7;-87.8;-87.8;-87.7;-88.2;-87.6;-87.8;-87.9;-88.0;-87.9;-87.7;-87.9;-87.8;-88.1;-87.8;-87.8;-88.0;-87.7;-87.4;-87.9;-88.1;-87.6;-88.1;-88.2;-87.8;-88.0;-87.7;-87.8;-87.9;-87.9;-87.8;-87.7;-88.2;-87.7;-87.8;-88.0;-88.0;-88.0;-87.8;-87.9;-87.7;-88.0;-88.0;-87.9;-88.0;-88.1;-88.1;-87.7;-87.7;-87.6;-87.9;-87.8;-87.8;-87.8;-87.9;-87.8;-88.0;-87.8;
-87.6;-88.1;-87.8;-87.3;-87.7;-87.7;-87.9;-87.4;-87.7;-87.5;-88.0;-87.3;-87.7;-87.8;-87.9;-87.8;-87.6;-87.6;-87.9;-87.8;-87.3;-87.6;-87.8;-87.6;-87.8;-87.6;-87.6;-87.6;-87.8;-87.7;-87.5;-87.7;-87.5;-87.8;-88.1;-87.8;-87.7;-87.8;-87.5;-87.5;-87.6;-87.7;-87.8;-87.8;-87.9;-87.6;-87.7;-88.1;-87.7;-88.1;-87.8;-87.8;-87.5;-87.7;-87.9;-87.8;-87.9;-87.5;-87.7;-87.8;-87.5;-87.5;-87.6;-87.8;-87.6;-88.1;-87.7;-87.6;-88.1;-87.8;-87.8;-87.8;-87.6;-87.1;-87.8;-87.7;-87.7;-87.7;-87.8;-87.5;-87.7;-87.8;-87.6;-87.4;-87.6;-87.8;-87.7;-87.8;-87.7;-87.6;-87.8;-87.6;-87.8;-87.9;-88.1;-87.6;-87.8;-87.8;-87.6;-87.9;
-87.8;-87.8;-87.7;-87.8;-87.8;-87.8;-88.0;-87.6;-87.7;-87.9;-87.5;-88.0;-87.6;-87.5;-87.7;-87.8;-87.4;-87.7;-87.8;-87.7;-88.2;-87.5;-87.7;-87.8;-87.7;-87.5;-87.6;-87.7;-87.5;-88.0;-87.8;-87.5;-87.9;-87.7;-87.6;-87.5;-87.9;-87.6;-87.6;-88.0;-87.8;-87.6;-87.8;-87.5;-87.6;-87.9;-87.9;-87.3;-87.8;-87.9;-87.5;-87.9;-87.7;-87.4;-87.8;-88.0;-87.7;-87.8;-87.6;-87.8;-87.8;-87.7;-87.9;-87.8;-87.8;-87.6;-87.9;-88.0;-87.4;-87.5;-87.3;-87.5;-87.5;-87.9;-87.6;-87.4;-88.1;-87.9;-87.7;-87.7;-87.5;-87.5;-87.8;-87.4;-87.6;-87.6;-87.7;-87.7;-87.6;-87.7;-87.5;-87.6;-87.9;-87.6;-87.4;-87.8;-87.6;-87.7;-87.7;-87.7;
-87.8;-87.7;-87.6;-87.8;-88.0;-87.5;-87.7;-87.2;-87.8;-87.8;-87.5;-87.8;-87.9;-87.5;-87.5;-87.8;-87.7;-87.5;-88.0;-87.8;-87.7;-88.0;-87.6;-87.9;-87.8;-87.8;-87.8;-87.9;-87.8;-87.7;-87.9;-87.5;-87.8;-87.7;-87.7;-87.6;-88.0;-87.9;-87.9;-87.8;-88.0;-87.8;-87.7;-87.8;-88.0;-87.9;-87.8;-87.7;-87.6;-87.9;-87.6;-87.7;-87.7;-87.8;-87.9;-87.8;-87.6;-87.7;-87.9;-87.9;-87.6;-87.9;-87.5;-87.5;-87.9;-87.6;-87.8;-88.0;-87.5;-87.6;-87.5;-88.0;-87.7;-87.7;-87.9;-87.8;-87.7;-87.8;-87.4;-88.0;-88.1;-87.6;-87.7;-88.0;-87.7;-87.9;-87.8;-87.5;-87.6;-87.6;-87.7;-87.8;-87.8;-87.8;-87.5;-87.6;-87.6;-87.7;-87.8;-87.9;
-87.7;-87.7;-87.6;-87.9;-87.6;-87.5;-87.5;-87.0;-87.6;-87.9;-88.0;-87.7;-87.7;-88.0;-87.7;-87.6;-87.6;-87.3;-87.8;-87.6;-87.6;-87.8;-87.8;-87.5;-87.7;-87.9;-87.8;-87.4;-87.8;-87.6;-87.8;-88.0;-87.7;-88.0;-87.8;-87.4;-87.5;-87.3;-87.6;-87.6;-87.6;-87.6;-87.6;-87.9;-87.8;-87.8;-87.8;-87.8;-87.6;-88.2;-87.6;-87.7;-87.9;-87.7;-87.6;-87.7;-87.4;-87.4;-87.5;-87.9;-87.5;-87.5;-87.8;-87.8;-87.6;-87.5;-87.5;-87.5;-87.8;-87.8;-87.7;-87.6;-87.5;-87.7;-87.8;-87.7;-87.6;-87.6;-87.9;-87.7;-87.6;-87.7;-87.4;-87.7;-87.8;-87.5;-87.6;-87.8;-87.3;-87.5;-87.8;-87.5;-87.5;-87.9;-87.4;-87.7;-87.6;-87.9;-87.7;-87.9;
-87.7;-87.5;-87.7;-87.5;-87.5;-87.7;-87.5;-87.7;-87.8;-87.3;-87.8;-87.6;-87.6;-87.8;-87.5;-87.7;-87.8;-87.4;-87.4;-87.7;-87.6;-87.9;-87.7;-87.8;-87.7;-87.8;-87.7;-87.6;-87.6;-87.6;-87.3;-87.7;-87.5;-87.4;-87.7;-87.8;-87.3;-87.8;-87.7;-87.6;-87.4;-87.8;-87.6;-87.5;-87.6;-87.8;-87.6;-87.6;-87.7;-87.5;-87.9;-87.6;-87.5;-87.8;-87.9;-87.5;-87.5;-87.7;-87.5;-87.4;-88.0;-87.5;-87.5;-87.8;-87.6;-87.8;-88.1;-87.7;-87.7;-87.8;-87.7;-87.5;-87.7;-87.8;-87.6;-87.9;-87.7;-87.6;-88.1;-87.7;-87.7;-87.6;-87.8;-87.6;-87.8;-88.1;-87.4;-87.4;-87.7;-87.6;-87.6;-87.7;-87.6;-87.8;-87.9;-87.8;-87.5;-87.7;-87.6;-87.6;
-87.9;-87.8;-87.5;-87.8;-88.0;-87.5;-87.6;-87.6;-87.4;-87.8;-87.7;-87.5;-87.8;-87.5;-87.8;-87.9;-87.5;-87.7;-87.8;-87.4;-87.4;-87.7;-87.7;-87.3;-88.0;-88.2;-87.8;-87.6;-87.7;-87.4;-87.3;-87.8;-87.6;-87.6;-87.6;-87.3;-87.4;-87.7;-87.4;-87.8;-87.6;-88.0;-87.6;-87.3;-87.5;-87.6;-87.8;-87.7;-87.5;-87.7;-87.5;-87.3;-87.4;-87.6;-87.4;-87.4;-87.7;-87.8;-87.7;-88.0;-87.4;-87.6;-87.6;-87.5;-87.9;-87.7;-87.3;-87.5;-87.6;-87.2;-87.4;-87.9;-87.6;-87.3;-87.9;-87.9;-87.5;-87.5;-87.6;-87.6;-87.7;-87.7;-87.5;-87.8;-87.5;-87.8;-88.1;-87.7;-87.4;-87.6;-87.5;-87.5;-87.3;-87.7;-87.8;-87.6;-87.7;-87.4;-87.6;-87.5;
-87.3;-87.7;-87.7;-87.6;-87.6;-88.3;-87.9;-86.7;-87.7;-87.8;-87.8;-87.6;-88.1;-87.8;-87.7;-87.4;-87.5;-87.9;-87.6;-87.8;-87.4;-87.9;-87.6;-87.5;-87.5;-87.6;-87.5;-87.3;-87.7;-87.9;-87.7;-87.8;-87.6;-87.3;-87.9;-87.7;-87.6;-87.6;-87.7;-87.8;-87.7;-87.8;-87.7;-87.9;-87.8;-87.5;-87.6;-87.8;-87.4;-87.7;-87.7;-87.9;-87.6;-87.6;-87.7;-87.5;-87.6;-87.6;-87.6;-87.8;-87.6;-87.7;-87.8;-87.4;-87.5;-87.7;-87.6;-87.5;-87.6;-87.8;-87.4;-87.7;-87.5;-87.8;-87.5;-87.8;-87.7;-87.4;-87.8;-87.6;-87.3;-87.5;-87.6;-87.3;-87.6;-87.4;-87.7;-87.9;-87.5;-87.6;-87.7;-87.5;-87.6;-87.9;-87.7;-87.7;-87.4;-87.5;-87.5;-87.5;
-87.9;-87.4;-87.5;-88.0;-87.5;-87.6;-87.5;-87.5;-87.7;-87.7;-87.4;-87.6;-87.7;-87.5;-87.7;-87.6;-87.6;-87.7;-87.5;-87.5;-87.7;-87.8;-87.9;-87.6;-87.8;-87.8;-87.8;-87.7;-87.7;-87.7;-88.1;-87.5;-87.6;-87.9;-87.5;-87.4;-87.7;-87.9;-87.7;-87.8;-87.7;-87.6;-87.7;-87.9;-87.9;-87.8;-87.6;-87.8;-87.9;-87.7;-88.1;-87.8;-87.7;-87.5;-87.6;-87.7;-87.6;-87.5;-88.0;-87.8;-87.7;-87.6;-87.5;-87.5;-87.5;-87.9;-87.6;-87.6;-87.7;-87.3;-87.7;-87.7;-87.7;-87.3;-87.8;-87.6;-87.9;-87.8;-87.4;-87.6;-87.7;-87.4;-87.4;-87.9;-87.9;-87.4;-87.6;-87.6;-87.6;-87.8;-88.1;-87.5;-87.3;-87.6;-87.5;-88.0;-87.4;-87.8;-87.6;-88.1;
-87.8;-87.9;-87.7;-87.6;-87.5;-87.6;-87.6;-87.6;-87.7;-87.9;-87.4;-87.7;-87.9;-87.6;-87.6;-87.6;-87.5;-87.8;-87.7;-87.6;-87.8;-87.7;-87.6;-87.5;-87.6;-87.4;-87.7;-87.8;-87.1;-87.8;-87.6;-87.6;-87.3;-87.8;-87.8;-87.5;-87.5;-87.5;-87.7;-87.8;-87.6;-87.4;-87.9;-87.5;-87.6;-87.4;-87.8;-87.4;-87.6;-87.9;-87.8;-87.8;-87.7;-87.6;-87.6;-87.8;-87.4;-87.8;-87.8;-88.1;-87.7;-87.8;-87.4;-87.6;-87.8;-87.7;-87.8;-87.7;-87.9;-87.5;-87.9;-87.7;-87.3;-87.9;-87.7;-87.5;-87.8;-87.9;-87.7;-87.5;-87.7;-87.8;-87.4;-87.7;-87.6;-87.4;-87.5;-87.9;-87.5;-87.4;-87.6;-87.7;-87.7;-87.8;-87.5;-87.8;-87.6;-87.8;-87.5;-87.9;
-87.5;-87.5;-87.8;-87.4;-87.7;-87.5;-87.5;-85.6;-87.8;-87.4;-87.8;-87.4;-88.0;-87.8;-87.6;-87.5;-87.6;-87.9;-87.6;-87.7;-87.8;-87.6;-87.7;-87.6;-87.4;-87.8;-87.7;-87.1;-87.7;-87.8;-87.5;-87.7;-87.7;-87.7;-88.0;-87.6;-87.5;-87.8;-87.5;-87.4;-87.7;-87.8;-87.7;-87.9;-87.6;-87.6;-87.8;-87.4;-87.8;-87.6;-87.6;-88.0;-87.8;-87.3;-87.6;-87.5;-87.8;-87.7;-87.6;-87.6;-87.7;-87.7;-87.3;-87.8;-87.5;-87.4;-87.9;-87.3;-87.6;-87.9;-87.6;-87.8;-87.9;-88.0;-87.3;-87.6;-87.9;-87.8;-87.7;-87.8;-87.7;-87.5;-87.7;-87.5;-87.8;-87.9;-87.6;-87.9;-87.9;-87.4;-87.5;-87.5;-87.6;-87.7;-87.7;-87.5;-87.2;-87.9;-87.7;-87.5;
-87.8;-87.6;-87.8;-87.9;-87.7;-87.6;-87.8;-85.0;-87.7;-87.4;-87.5;-87.6;-88.0;-87.7;-87.8;-87.5;-87.8;-87.6;-87.6;-87.6;-87.6;-87.9;-87.7;-87.5;-87.6;-87.7;-87.6;-87.5;-87.7;-87.5;-88.0;-87.6;-87.6;-87.7;-87.8;-87.6;-87.9;-88.3;-87.5;-87.8;-87.4;-87.4;-87.8;-87.8;-87.6;-87.7;-87.9;-87.4;-87.7;-87.6;-87.9;-87.7;-87.9;-87.6;-87.7;-87.6;-87.8;-87.4;-88.0;-87.4;-87.5;-88.0;-87.6;-87.7;-87.9;-87.9;-87.5;-87.9;-87.4;-87.6;-87.9;-87.6;-87.7;-87.6;-87.8;-87.3;-87.7;-87.9;-87.4;-87.7;-87.5;-87.6;-87.9;-87.7;-87.9;-87.5;-87.6;-87.7;-87.7;-87.7;-87.5;-87.9;-87.8;-87.5;-87.8;-87.8;-88.0;-87.6;-87.9;-87.7;
-87.6;-87.7;-87.5;-87.7;-87.9;-87.7;-87.5;-84.8;-87.6;-87.5;-87.7;-87.3;-87.8;-87.6;-87.7;-87.6;-88.0;-87.7;-87.7;-88.1;-87.8;-88.0;-87.7;-87.8;-87.8;-87.9;-87.6;-87.5;-87.6;-87.5;-87.5;-87.8;-87.5;-87.7;-87.8;-87.9;-88.0;-87.9;-87.3;-87.5;-88.0;-87.9;-87.5;-87.7;-87.5;-87.5;-88.0;-87.6;-87.6;-87.8;-88.2;-87.6;-87.4;-87.4;-87.6;-87.4;-87.6;-87.7;-87.9;-88.0;-87.8;-87.7;-87.8;-87.4;-87.4;-87.3;-87.5;-87.7;-88.0;-87.7;-87.7;-87.8;-87.7;-87.5;-87.8;-87.9;-87.4;-88.1;-87.8;-87.9;-87.4;-87.7;-87.9;-87.5;-88.0;-87.6;-87.4;-87.7;-87.5;-87.4;-87.7;-87.5;-87.4;-87.5;-87.7;-87.7;-87.6;-87.7;-87.5;-87.5;
-87.8;-87.5;-87.9;-88.1;-87.6;-87.7;-87.5;-87.3;-88.1;-87.9;-87.4;-87.5;-87.8;-87.6;-87.6;-87.6;-87.4;-87.8;-87.7;-87.7;-87.9;-87.6;-87.3;-87.6;-87.4;-87.7;-87.8;-87.4;-88.0;-87.8;-87.7;-87.6;-88.0;-87.5;-87.7;-87.8;-87.6;-87.9;-87.9;-87.5;-87.6;-87.3;-87.6;-87.7;-87.7;-87.6;-87.6;-87.6;-87.7;-87.4;-87.5;-87.6;-87.6;-87.8;-87.7;-87.4;-87.9;-87.7;-87.7;-87.5;-87.6;-87.5;-87.8;-87.6;-87.7;-87.3;-87.5;-87.6;-87.5;-87.8;-88.0;-87.4;-87.5;-87.7;-87.6;-87.5;-87.7;-87.4;-87.5;-87.7;-87.6;-87.5;-87.8;-87.8;-87.5;-87.6;-88.1;-87.5;-87.7;-87.9;-87.5;-87.7;-88.0;-87.7;-87.5;-87.9;-87.7;-87.5;-87.7;-87.8;
-87.8;-87.7;-87.8;-88.0;-87.6;-87.2;-88.0;-86.9;-87.4;-87.9;-87.6;-87.7;-87.7;-87.7;-87.7;-87.4;-87.1;-88.1;-87.9;-87.7;-87.9;-87.6;-87.6;-87.7;-88.0;-87.7;-87.8;-87.7;-87.7;-87.7;-87.9;-87.7;-87.6;-87.5;-87.4;-87.3;-87.7;-87.6;-87.5;-87.9;-87.6;-87.6;-87.8;-87.8;-87.8;-87.6;-88.0;-87.6;-87.6;-87.8;-87.5;-87.7;-87.5;-87.5;-87.6;-87.5;-87.4;-87.5;-87.6;-87.7;-87.5;-87.9;-87.5;-87.4;-87.8;-87.7;-87.6;-87.5;-87.8;-87.8;-87.4;-87.9;-87.3;-87.6;-87.8;-87.8;-87.5;-87.6;-87.1;-87.8;-87.7;-87.5;-87.8;-87.5;-87.7;-87.3;-87.9;-87.7;-87.6;-87.6;-87.8;-87.6;-87.8;-87.7;-87.4;-87.7;-87.9;-88.0;-87.8;-88.0;
-87.5;-87.7;-87.7;-87.7;-87.7;-87.4;-87.5;-87.7;-87.5;-87.6;-87.5;-87.6;-87.4;-87.9;-87.6;-87.7;-87.9;-87.4;-87.9;-87.7;-87.7;-87.7;-88.1;-87.9;-87.4;-87.6;-87.6;-87.5;-87.8;-87.8;-87.5;-87.6;-87.9;-87.6;-87.7;-87.8;-87.5;-87.7;-87.8;-87.9;-87.7;-87.9;-87.7;-87.7;-87.7;-87.6;-87.7;-87.6;-87.8;-87.7;-87.8;-88.1;-87.7;-87.5;-87.9;-87.8;-87.6;-87.7;-87.5;-87.8;-87.7;-87.6;-87.5;-87.7;-87.4;-87.7;-87.4;-87.6;-87.9;-87.8;-87.8;-87.6;-87.8;-87.6;-87.5;-87.6;-87.7;-87.6;-87.4;-87.8;-87.4;-87.9;-87.6;-87.8;-87.8;-87.6;-87.6;-87.9;-88.0;-87.4;-87.7;-87.9;-87.7;-87.8;-87.8;-87.5;-87.4;-87.9;-87.5;-87.5;
-87.8;-87.9;-87.8;-87.7;-87.6;-87.9;-87.3;-87.5;-87.8;-87.5;-88.0;-87.7;-87.7;-87.7;-87.8;-87.8;-87.5;-87.9;-87.6;-87.4;-87.8;-87.8;-87.6;-87.9;-87.5;-87.7;-87.3;-87.6;-87.6;-87.7;-87.7;-87.7;-87.5;-87.9;-87.7;-87.9;-87.9;-87.8;-87.8;-87.8;-88.1;-87.6;-87.8;-87.8;-87.6;-87.9;-87.7;-87.5;-87.8;-87.7;-87.6;-87.9;-87.8;-87.7;-88.1;-87.8;-87.5;-87.7;-87.8;-87.7;-87.5;-87.8;-87.8;-87.5;-87.7;-87.7;-87.5;-87.8;-87.8;-87.8;-87.4;-88.0;-87.3;-87.6;-88.1;-87.4;-87.6;-87.7;-87.7;-87.6;-88.0;-87.8;-87.5;-88.2;-88.1;-87.7;-87.7;-87.9;-87.7;-87.7;-87.7;-87.7;-87.4;-87.5;-87.6;-87.8;-87.2;-87.9;-87.6;-87.9;
-87.7;-88.0;-87.6;-87.8;-87.7;-87.6;-88.1;-87.4;-88.0;-88.1;-87.8;-87.9;-87.9;-87.8;-87.9;-88.0;-87.4;-87.5;-88.1;-87.7;-87.7;-87.8;-87.5;-87.4;-87.7;-87.4;-87.7;-87.7;-87.7;-87.4;-88.0;-87.9;-87.9;-87.8;-87.5;-87.6;-87.6;-87.7;-87.9;-87.7;-87.7;-87.7;-87.7;-87.5;-87.4;-87.7;-87.9;-87.5;-87.6;-87.5;-87.5;-87.5;-87.8;-87.6;-87.8;-87.6;-87.4;-87.6;-87.7;-87.6;-87.4;-88.0;-87.5;-87.5;-87.7;-87.6;-87.5;-87.7;-87.9;-87.4;-88.1;-88.0;-87.7;-87.6;-87.5;-87.6;-87.6;-87.8;-87.2;-87.8;-88.0;-87.7;-87.6;-87.8;-87.6;-87.7;-87.7;-87.4;-87.6;-87.8;-87.6;-87.5;-87.8;-87.4;-87.5;-87.7;-88.0;-87.8;-88.1;-87.7;
-87.5;-87.7;-87.4;-87.7;-88.0;-87.6;-87.8;-87.7;-87.7;-87.8;-87.5;-87.5;-87.9;-87.5;-87.6;-87.8;-87.4;-87.5;-87.9;-87.6;-87.4;-87.8;-87.8;-87.6;-87.8;-87.6;-87.9;-87.6;-87.8;-87.5;-87.6;-87.8;-87.6;-87.8;-87.7;-87.6;-87.6;-87.9;-87.9;-87.3;-87.8;-87.2;-87.7;-87.5;-87.8;-87.5;-87.6;-87.6;-87.6;-87.9;-87.6;-87.4;-87.7;-87.9;-87.5;-87.9;-87.7;-87.9;-88.0;-87.8;-87.5;-87.7;-87.5;-87.5;-87.4;-87.6;-87.7;-87.8;-87.5;-87.7;-87.7;-87.4;-87.8;-87.8;-87.7;-87.8;-87.9;-87.7;-87.6;-87.5;-87.8;-88.0;-87.6;-87.6;-87.6;-87.6;-88.1;-87.5;-87.5;-87.8;-87.7;-87.6;-87.5;-87.7;-87.7;-87.6;-87.9;-87.7;-87.9;-87.9;
-87.6;-88.0;-87.8;-87.4;-87.9;-88.0;-87.7;-87.5;-87.8;-87.6;-87.8;-87.7;-87.6;-87.6;-87.5;-87.5;-87.6;-87.8;-87.6;-87.5;-87.9;-87.3;-87.8;-87.9;-88.0;-87.6;-87.5;-87.6;-88.0;-87.8;-87.7;-87.7;-87.8;-87.7;-87.9;-87.7;-87.4;-87.9;-88.1;-87.6;-87.5;-87.6;-88.1;-87.5;-87.9;-87.4;-87.7;-87.5;-87.4;-87.6;-87.7;-87.5;-87.7;-87.9;-87.8;-87.7;-87.9;-87.6;-87.5;-87.9;-87.7;-87.7;-87.8;-87.8;-87.6;-87.6;-87.8;-87.7;-87.8;-88.0;-87.5;-87.7;-87.8;-87.9;-87.7;-87.9;-87.4;-87.7;-87.8;-87.6;-87.6;-87.9;-87.8;-87.9;-87.6;-87.8;-87.7;-87.9;-87.7;-87.7;-87.5;-87.6;-87.8;-87.6;-87.9;-87.6;-87.7;-87.8;-87.6;-87.8;
-87.3;-88.0;-87.6;-87.3;-88.0;-87.9;-87.7;-87.7;-87.6;-87.7;-87.9;-87.5;-88.1;-87.4;-88.0;-87.9;-87.4;-87.4;-87.5;-87.6;-87.7;-87.7;-87.9;-87.8;-87.6;-87.6;-87.5;-87.7;-87.9;-87.7;-87.8;-87.4;-87.6;-87.5;-87.6;-87.8;-87.6;-87.8;-87.7;-87.6;-87.7;-87.8;-87.3;-88.0;-87.4;-87.7;-87.9;-87.6;-87.7;-87.6;-87.7;-87.6;-87.4;-87.8;-87.7;-87.8;-87.5;-87.8;-87.7;-87.9;-87.6;-87.4;-87.8;-87.7;-87.7;-87.5;-87.6;-87.6;-87.7;-87.6;-87.5;-88.0;-87.8;-87.7;-87.6;-87.7;-87.9;-87.7;-87.6;-87.7;-87.6;-87.9;-87.7;-87.4;-87.7;-87.7;-87.5;-87.6;-87.4;-87.7;-87.6;-87.7;-87.4;-87.6;-87.6;-87.8;-88.1;-87.6;-87.4;-87.5;
-87.6;-87.5;-87.7;-87.8;-87.6;-87.9;-87.9;-87.2;-87.4;-87.4;-87.7;-87.8;-87.8;-87.7;-87.7;-87.8;-87.7;-87.3;-87.5;-87.9;-88.0;-87.3;-87.6;-87.9;-87.8;-87.7;-88.0;-87.4;-87.5;-87.4;-87.4;-87.5;-88.1;-87.7;-87.5;-87.7;-87.5;-87.8;-88.0;-87.6;-87.7;-87.8;-87.6;-87.7;-88.1;-87.9;-87.5;-87.8;-87.8;-87.5;-87.8;-87.6;-87.5;-87.6;-87.9;-87.4;-87.6;-87.7;-87.8;-87.6;-87.8;-88.1;-87.7;-87.6;-87.5;-87.5;-87.6;-88.1;-87.4;-87.5;-87.5;-87.6;-87.5;-87.6;-87.7;-87.7;-87.5;-87.7;-87.7;-87.9;-87.7;-87.7;-87.7;-87.3;-87.6;-88.0;-87.6;-87.8;-87.7;-87.8;-87.7;-87.8;-87.4;-87.5;-87.6;-87.4;-87.6;-87.6;-87.8;-87.4;
-87.7;-87.7;-88.0;-87.7;-87.5;-88.1;-87.4;-87.9;-87.8;-87.6;-87.8;-87.7;-87.7;-87.7;-87.7;-87.5;-87.5;-87.5;-87.6;-87.8;-87.5;-87.6;-87.8;-88.0;-87.5;-87.7;-87.6;-87.8;-87.9;-87.6;-87.7;-87.6;-87.7;-87.7;-87.8;-87.6;-87.7;-88.2;-87.9;-87.7;-87.8;-87.9;-87.5;-87.5;-87.8;-87.3;-87.6;-87.5;-87.6;-87.6;-87.5;-87.4;-87.7;-87.7;-87.7;-87.5;-87.9;-87.7;-87.8;-87.8;-88.1;-87.4;-87.6;-88.0;-87.6;-87.7;-87.5;-87.4;-87.9;-87.8;-87.4;-87.8;-87.8;-87.7;-87.3;-88.0;-87.4;-87.8;-88.0;-87.6;-87.4;-87.8;-87.8;-87.6;-88.0;-87.9;-87.3;-87.8;-88.0;-87.3;-87.5;-87.7;-87.6;-87.7;-87.9;-87.4;-87.6;-87.7;-87.7;-87.8;
-87.7;-87.6;-87.7;-87.6;-87.8;-87.4;-87.4;-87.6;-87.8;-87.8;-87.6;-87.8;-87.5;-87.4;-88.1;-87.7;-87.5;-87.5;-87.7;-87.4;-87.8;-87.7;-87.7;-87.9;-87.8;-87.6;-87.7;-87.8;-87.6;-87.6;-87.9;-87.5;-87.3;-87.8;-87.6;-87.7;-87.5;-87.6;-87.5;-87.6;-87.7;-87.5;-87.7;-87.5;-87.9;-87.8;-87.8;-87.5;-87.8;-87.9;-87.3;-87.6;-87.7;-87.7;-87.8;-88.1;-87.6;-87.9;-88.1;-87.6;-87.7;-87.9;-87.6;-87.8;-87.8;-87.7;-87.3;-87.7;-87.8;-87.4;-87.5;-88.0;-87.7;-87.4;-87.8;-87.6;-87.6;-87.3;-87.9;-87.8;-87.8;-87.6;-87.8;-87.8;-87.5;-87.8;-87.7;-87.5;-87.8;-87.8;-87.6;-87.7;-87.6;-87.6;-87.6;-87.7;-88.1;-87.7;-87.8;-87.7;
-87.9;-87.8;-87.5;-87.8;-87.6;-87.8;-87.8;-87.4;-87.8;-87.3;-87.6;-87.7;-87.6;-87.4;-87.9;-87.8;-87.8;-88.0;-87.7;-87.8;-87.7;-87.7;-87.6;-88.0;-87.5;-87.9;-87.6;-87.8;-87.5;-87.7;-87.7;-87.6;-87.6;-87.7;-87.8;-87.4;-88.0;-87.7;-87.4;-87.5;-88.1;-87.7;-88.1;-87.9;-87.8;-87.6;-87.5;-87.8;-87.8;-87.5;-87.7;-87.6;-87.9;-87.5;-87.9;-88.0;-87.7;-87.7;-87.9;-87.7;-87.5;-88.0;-87.9;-87.7;-87.8;-87.7;-87.6;-87.9;-87.6;-87.5;-87.6;-87.4;-87.3;-87.9;-87.9;-87.4;-87.9;-87.9;-87.8;-87.5;-87.7;-87.4;-87.7;-87.5;-87.9;-87.4;-87.7;-88.0;-87.6;-87.9;-87.5;-87.6;-87.7;-88.2;-87.3;-87.6;-88.1;-87.5;-87.9;-87.8;
-87.9;-87.7;-87.7;-87.5;-87.8;-87.6;-87.5;-87.0;-87.8;-87.7;-87.7;-87.5;-87.7;-87.5;-87.6;-87.7;-87.6;-87.5;-87.9;-87.6;-87.6;-87.4;-87.9;-87.7;-87.7;-87.8;-87.8;-87.8;-87.5;-87.8;-87.7;-87.8;-87.8;-87.9;-88.0;-87.9;-87.7;-87.5;-87.9;-87.5;-88.1;-87.7;-87.8;-87.6;-87.8;-87.4;-87.7;-87.8;-87.8;-87.6;-87.8;-87.5;-87.6;-87.9;-87.5;-87.4;-87.8;-87.4;-87.7;-87.7;-87.6;-87.8;-87.7;-87.7;-87.4;-87.6;-87.7;-87.3;-87.5;-87.8;-87.4;-87.6;-87.8;-87.7;-87.5;-87.7;-87.4;-87.6;-87.5;-87.5;-87.4;-87.7;-87.6;-87.7;-87.8;-87.6;-87.7;-87.6;-87.5;-87.7;-87.8;-87.9;-87.5;-87.6;-87.8;-87.6;-88.0;-87.7;-87.8;-87.5;
-87.7;-87.8;-87.6;-88.0;-88.0;-87.4;-87.7;-87.5;-87.4;-87.8;-87.6;-87.6;-87.9;-87.7;-87.7;-87.8;-87.4;-87.9;-88.0;-88.0;-87.6;-87.8;-87.9;-87.3;-87.8;-87.8;-87.2;-87.9;-87.8;-87.5;-87.4;-87.7;-87.6;-87.5;-88.1;-87.8;-87.4;-87.9;-87.8;-87.5;-87.7;-87.8;-87.9;-88.0;-87.5;-87.5;-87.9;-87.8;-87.5;-87.5;-87.8;-87.9;-87.7;-87.5;-87.6;-87.7;-87.6;-87.7;-87.7;-87.8;-87.7;-87.5;-87.8;-87.4;-87.6;-87.7;-87.7;-87.5;-87.7;-87.9;-87.9;-87.9;-87.7;-87.8;-87.5;-87.5;-87.5;-88.1;-87.6;-87.5;-87.6;-87.8;-87.8;-87.8;-87.5;-87.5;-87.5;-87.8;-87.8;-87.6;-87.7;-87.6;-87.6;-87.8;-87.7;-87.5;-87.9;-87.7;-87.7;-88.0;
-87.7;-87.8;-87.7;-87.9;-87.2;-87.8;-87.5;-87.7;-87.4;-87.7;-88.2;-87.8;-87.9;-87.8;-87.6;-87.4;-87.4;-87.9;-87.8;-87.6;-87.8;-87.6;-87.7;-87.6;-87.7;-87.7;-87.4;-87.9;-87.7;-87.4;-87.6;-87.6;-87.7;-87.4;-87.8;-87.6;-87.5;-87.8;-87.6;-87.5;-87.7;-87.9;-87.4;-87.7;-87.5;-87.5;-87.9;-87.8;-87.6;-87.7;-87.8;-87.4;-87.8;-87.9;-87.7;-87.5;-88.0;-87.8;-87.7;-87.7;-87.7;-87.6;-87.8;-87.8;-87.4;-87.7;-87.8;-87.1;-87.5;-87.8;-87.7;-87.9;-88.0;-87.4;-87.8;-87.4;-87.4;-87.6;-87.7;-87.3;-87.8;-87.6;-87.4;-87.6;-87.4;-87.5;-87.6;-87.8;-87.6;-87.6;-87.5;-87.7;-87.6;-87.8;-87.4;-87.5;-87.8;-87.8;-87.6;-87.9;
-87.7;-87.7;-87.8;-87.6;-87.6;-87.8;-87.8;-87.4;-87.7;-87.4;-87.6;-87.6;-87.5;-87.8;-87.8;-87.5;-87.8;-87.3;-87.3;-87.8;-87.6;-87.6;-87.9;-87.9;-87.5;-87.6;-87.9;-87.3;-87.8;-87.9;-87.7;-87.5;-87.8;-87.5;-87.9;-87.7;-87.5;-87.6;-87.8;-87.6;-87.6;-87.7;-87.3;-87.6;-87.9;-87.6;-87.5;-87.6;-87.5;-87.6;-87.6;-87.7;-87.3;-87.7;-87.5;-87.5;-87.8;-87.5;-87.6;-87.6;-87.5;-87.5;-87.8;-88.1;-87.6;-87.7;-87.6;-87.6;-87.7;-87.6;-87.6;-87.4;-87.5;-87.8;-87.7;-87.4;-87.7;-87.5;-87.9;-87.8;-87.1;-88.0;-87.7;-87.3;-87.8;-87.9;-87.4;-87.6;-87.9;-87.8;-87.4;-87.7;-87.9;-87.6;-87.9;-87.2;-87.5;-87.9;-88.1;-87.8;
-87.5;-87.5;-87.6;-87.5;-87.4;-88.0;-87.7;-81.4;-87.8;-87.5;-87.7;-87.6;-87.7;-87.5;-87.7;-87.7;-87.5;-87.7;-87.4;-87.8;-87.7;-87.6;-87.8;-87.6;-87.3;-87.6;-87.8;-87.7;-87.6;-87.9;-87.6;-87.4;-87.8;-87.5;-87.6;-87.8;-87.6;-87.4;-88.1;-87.8;-87.6;-87.8;-87.6;-87.8;-87.7;-87.5;-87.7;-87.5;-87.6;-87.5;-88.0;-87.6;-87.4;-87.7;-87.8;-87.5;-87.8;-87.6;-87.5;-87.6;-87.9;-87.3;-87.6;-87.5;-87.6;-87.5;-87.5;-87.7;-87.5;-87.8;-87.5;-87.6;-87.8;-87.7;-87.6;-87.6;-87.7;-87.4;-87.8;-87.8;-87.5;-87.7;-87.7;-87.3;-87.4;-87.5;-87.4;-87.7;-87.6;-87.3;-87.4;-87.7;-87.8;-87.4;-87.9;-87.4;-87.4;-87.5;-87.7;-87.2;
-87.6;-87.5;-87.9;-87.5;-87.3;-87.7;-87.5;-82.9;-87.5;-87.6;-87.9;-87.8;-87.5;-87.7;-87.6;-87.4;-87.6;-87.9;-87.7;-87.7;-87.5;-87.7;-87.6;-87.7;-87.3;-87.8;-87.6;-87.5;-87.9;-87.4;-87.5;-87.6;-87.8;-87.3;-87.5;-87.9;-87.5;-87.5;-87.6;-87.2;-87.6;-87.7;-87.7;-87.4;-87.9;-87.7;-87.5;-87.4;-87.5;-87.6;-87.6;-87.8;-87.7;-87.6;-87.6;-87.6;-87.7;-87.8;-87.7;-87.6;-87.7;-87.5;-87.6;-87.8;-87.9;-87.9;-87.5;-87.7;-87.5;-87.5;-87.5;-87.6;-87.9;-87.7;-87.2;-87.8;-87.6;-87.1;-87.5;-87.6;-87.6;-87.6;-87.8;-87.7;-87.7;-87.5;-87.3;-87.6;-87.6;-87.8;-87.6;-88.0;-87.6;-87.6;-87.6;-87.7;-87.7;-87.4;-87.6;-87.9;
-87.8;-87.8;-87.4;-87.8;-87.6;-87.4;-87.4;-82.4;-87.7;-87.7;-87.6;-87.5;-87.5;-87.5;-87.6;-87.6;-87.7;-87.8;-87.6;-87.6;-87.6;-87.6;-87.7;-87.6;-87.8;-87.6;-87.7;-87.9;-87.3;-87.3;-88.0;-87.6;-87.5;-87.9;-87.5;-87.2;-87.6;-87.8;-87.7;-87.6;-87.7;-87.7;-87.4;-87.9;-87.7;-87.5;-88.0;-87.5;-87.6;-87.7;-87.5;-87.3;-87.8;-87.4;-87.4;-87.6;-87.5;-87.8;-87.7;-87.9;-87.5;-87.8;-87.6;-87.6;-87.9;-87.6;-87.5;-87.4;-87.5;-87.2;-87.4;-87.8;-87.7;-87.7;-87.7;-87.3;-87.7;-87.7;-87.8;-87.4;-87.7;-87.5;-87.5;-87.7;-87.9;-87.6;-87.8;-87.8;-87.7;-87.5;-87.5;-87.4;-87.5;-87.7;-87.6;-87.7;-87.5;-87.8;-87.7;-87.9;
