-89
-85.8;-85.7;-86.1;-85.7;-86.0;-85.8;-85.8;-84.6;-85.7;-85.5;-85.5;-85.8;-85.9;-85.7;-85.7;-86.1;-86.0;-86.0;-85.6;-86.0;-85.7;-85.9;-85.8;-85.9;-86.0;-85.9;-85.9;-86.1;-85.5;-85.7;-85.6;-85.8;-85.6;-85.7;-85.7;-86.0;-85.8;-86.0;-85.7;-85.7;-85.9;-85.7;-85.5;-86.0;-85.7;-85.8;-85.9;-86.0;-85.9;-86.0;-85.8;-85.9;-85.9;-85.6;-85.9;-86.0;-85.8;-86.0;-85.6;-86.0;-85.6;-85.9;-85.9;-85.7;-85.7;-85.7;-85.8;-86.1;-85.7;-85.7;-85.9;-85.7;-85.8;-86.0;-85.8;-85.9;-85.9;-86.0;-86.1;-85.7;-85.9;-86.0;-85.5;-85.9;-85.7;-85.5;-85.8;-85.7;-85.8;-85.9;-85.8;-86.2;-85.9;-85.6;-85.8;-85.7;-85.9;-85.6;-85.7;-85.8;
-85.8;-86.1;-85.8;-85.5;-85.8;-85.9;-85.8;-85.9;-85.9;-85.7;-85.8;-85.9;-85.9;-85.7;-85.6;-86.0;-86.0;-86.2;-85.9;-85.8;-86.0;-85.8;-85.9;-85.9;-86.0;-86.1;-85.9;-85.7;-85.8;-85.4;-85.8;-85.8;-85.7;-85.8;-85.9;-85.6;-85.8;-86.0;-85.7;-85.6;-86.0;-85.7;-85.7;-85.9;-86.0;-85.7;-85.8;-85.8;-86.0;-85.9;-85.8;-85.8;-85.8;-86.1;-85.9;-85.8;-85.8;-85.9;-86.0;-85.5;-86.0;-86.0;-86.0;-85.9;-86.0;-85.9;-85.9;-85.9;-85.8;-85.7;-85.8;-85.7;-86.1;-85.7;-85.7;-85.7;-85.7;-85.9;-85.7;-85.9;-86.0;-85.8;-85.8;-85.9;-85.9;-85.9;-86.0;-85.8;-85.7;-85.4;-86.0;-86.0;-85.8;-85.9;-85.7;-85.5;-85.9;-86.0;-85.8;-85.7;
-86.0;-85.9;-86.2;-85.8;-85.9;-86.2;-86.0;-84.9;-86.0;-85.3;-85.9;-85.9;-85.7;-85.8;-86.0;-85.8;-86.1;-85.9;-86.0;-85.7;-85.9;-85.8;-86.0;-86.0;-86.0;-85.5;-85.9;-85.9;-86.0;-86.0;-85.9;-85.6;-85.7;-85.7;-86.0;-85.7;-86.2;-85.9;-85.7;-85.7;-85.9;-86.1;-85.8;-85.8;-85.9;-85.8;-85.8;-85.8;-85.8;-86.0;-85.7;-86.0;-85.8;-85.5;-86.1;-85.8;-85.8;-85.7;-85.6;-85.8;-86.0;-85.9;-85.8;-86.0;-85.9;-86.1;-86.0;-85.9;-85.9;-85.5;-86.1;-85.6;-85.9;-85.7;-85.8;-86.0;-85.7;-85.8;-85.7;-85.8;-86.3;-85.7;-85.7;-86.1;-85.8;-86.0;-86.0;-85.7;-86.0;-85.7;-85.9;-85.4;-85.9;-86.2;-85.9;-85.7;-86.0;-85.6;-85.8;-86.3;
-85.8;-85.9;-85.9;-85.8;-85.7;-85.9;-85.6;-85.6;-86.0;-86.0;-85.8;-86.1;-85.9;-85.8;-85.5;-85.7;-85.8;-86.0;-86.0;-85.7;-86.0;-85.8;-86.0;-85.8;-85.9;-85.9;-85.9;-85.9;-85.7;-86.1;-85.9;-86.0;-85.8;-85.8;-86.1;-86.0;-85.8;-85.6;-85.9;-86.0;-85.9;-85.9;-85.4;-85.6;-85.8;-85.8;-85.8;-85.8;-85.7;-86.2;-85.7;-85.6;-86.1;-86.1;-86.0;-85.8;-86.0;-85.9;-85.8;-85.8;-85.7;-85.8;-86.1;-85.9;-85.9;-85.9;-85.8;-85.8;-85.9;-85.7;-85.9;-86.3;-85.9;-86.0;-85.8;-86.0;-85.8;-85.8;-85.6;-86.2;-85.7;-85.6;-85.8;-86.1;-85.9;-85.7;-85.7;-86.0;-85.9;-86.0;-86.1;-85.8;-85.6;-85.9;-85.7;-85.6;-85.7;-85.8;-86.3;-85.8;
-85.7;-85.7;-85.8;-85.6;-85.9;-86.0;-85.8;-85.8;-85.6;-85.7;-86.1;-85.8;-85.5;-86.2;-85.7;-86.0;-85.8;-85.8;-85.8;-85.9;-86.0;-85.9;-85.8;-86.0;-85.4;-85.7;-85.8;-85.7;-85.6;-86.0;-85.8;-86.0;-85.9;-85.7;-85.9;-85.6;-85.7;-85.9;-85.9;-85.7;-86.2;-86.2;-86.0;-85.9;-85.8;-85.6;-85.5;-85.4;-85.8;-85.8;-85.8;-85.9;-85.8;-86.0;-85.7;-85.8;-85.9;-85.9;-86.2;-86.1;-85.9;-85.8;-85.9;-86.3;-85.7;-85.9;-85.8;-85.9;-86.0;-85.8;-85.6;-86.0;-85.9;-85.7;-86.2;-85.8;-85.9;-85.8;-85.9;-85.9;-86.0;-86.0;-85.9;-85.7;-85.8;-85.9;-86.0;-86.0;-85.8;-85.8;-86.0;-85.7;-86.0;-85.8;-85.6;-85.8;-86.1;-85.5;-86.0;-86.1;
-86.0;-85.9;-85.8;-85.9;-85.7;-85.9;-86.0;-85.7;-85.7;-85.6;-85.8;-85.8;-85.5;-86.2;-85.7;-86.0;-85.8;-85.8;-85.7;-85.6;-85.8;-85.9;-85.6;-85.7;-86.0;-86.0;-85.9;-86.0;-86.0;-86.1;-86.0;-85.9;-85.7;-85.9;-85.9;-85.9;-86.2;-85.9;-85.9;-85.9;-85.9;-85.9;-85.9;-85.8;-85.8;-86.0;-85.8;-86.1;-85.7;-86.0;-85.7;-85.8;-85.9;-85.9;-85.8;-85.7;-85.9;-85.9;-85.9;-85.9;-85.7;-85.7;-85.8;-86.1;-85.8;-86.1;-85.8;-85.8;-85.8;-85.8;-85.7;-85.9;-85.9;-85.9;-85.7;-85.7;-86.0;-85.6;-85.9;-86.0;-85.9;-85.9;-86.1;-85.8;-85.8;-86.0;-85.7;-86.1;-86.1;-85.6;-85.8;-85.7;-85.9;-85.8;-85.5;-85.8;-85.5;-86.1;-85.8;-86.0;
-85.9;-85.8;-85.9;-85.8;-85.7;-85.8;-86.0;-85.5;-86.0;-86.0;-86.1;-85.8;-86.0;-85.9;-85.9;-85.9;-85.9;-85.8;-85.8;-85.7;-85.5;-85.7;-86.0;-85.8;-85.9;-85.7;-85.9;-85.7;-86.1;-85.7;-85.8;-86.0;-85.9;-85.9;-85.8;-86.0;-85.9;-85.8;-86.0;-86.0;-85.9;-85.8;-86.2;-85.8;-85.8;-85.9;-85.8;-85.7;-85.7;-86.0;-85.9;-85.7;-85.9;-86.0;-85.8;-85.6;-85.9;-86.1;-85.7;-86.1;-86.1;-86.0;-85.9;-85.6;-86.0;-85.9;-85.9;-85.8;-85.8;-85.9;-85.7;-86.0;-86.2;-85.8;-86.1;-86.0;-85.8;-85.8;-85.8;-85.8;-85.8;-85.9;-85.8;-86.1;-86.0;-85.8;-85.9;-85.6;-86.0;-85.7;-85.8;-85.7;-85.9;-85.9;-85.8;-85.6;-85.9;-85.8;-85.8;-85.4;
-85.8;-86.1;-86.1;-86.2;-85.8;-85.6;-85.6;-85.8;-85.8;-85.6;-85.8;-85.8;-85.9;-85.9;-85.9;-86.0;-85.7;-85.8;-85.9;-85.9;-85.8;-85.7;-85.6;-86.1;-86.5;-85.7;-86.0;-85.8;-85.8;-85.7;-85.6;-85.7;-85.5;-86.1;-85.7;-85.8;-85.6;-85.6;-86.0;-85.8;-85.9;-86.0;-85.8;-85.8;-85.6;-86.2;-85.9;-86.0;-85.7;-85.8;-86.0;-86.0;-85.8;-85.7;-85.9;-85.8;-85.7;-86.0;-86.1;-85.8;-85.8;-85.8;-85.8;-85.6;-85.9;-85.8;-85.8;-85.6;-85.6;-85.7;-85.7;-86.0;-85.7;-85.8;-85.7;-85.8;-85.6;-85.8;-85.5;-86.0;-86.1;-85.8;-85.8;-86.0;-85.8;-85.9;-85.5;-85.7;-85.9;-85.8;-85.9;-85.7;-85.6;-85.9;-85.8;-85.8;-85.9;-86.0;-85.8;-85.7;
-86.2;-85.7;-85.7;-85.8;-86.1;-85.9;-85.9;-85.9;-85.8;-85.8;-86.0;-85.9;-85.8;-86.0;-85.9;-85.8;-86.0;-85.8;-85.9;-85.6;-85.8;-85.9;-85.7;-85.9;-86.1;-86.4;-85.7;-85.8;-85.9;-85.8;-85.6;-86.0;-86.1;-85.7;-85.7;-85.9;-85.7;-86.1;-85.6;-85.6;-85.6;-85.7;-85.7;-86.0;-85.8;-85.9;-85.7;-85.8;-85.7;-85.7;-85.8;-85.7;-85.6;-85.5;-85.7;-85.9;-85.4;-85.8;-85.7;-85.8;-85.8;-86.1;-85.6;-85.7;-86.2;-85.9;-86.0;-85.7;-85.6;-85.9;-86.1;-85.9;-85.6;-85.8;-85.8;-86.0;-85.7;-85.9;-85.9;-85.7;-86.1;-85.8;-85.8;-86.0;-85.9;-85.8;-85.8;-86.0;-85.8;-85.7;-85.6;-86.0;-85.7;-85.9;-85.6;-85.8;-86.0;-85.9;-85.9;-86.2;
-86.1;-86.0;-86.1;-85.9;-86.2;-85.8;-86.2;-85.4;-85.9;-86.0;-85.9;-85.8;-85.7;-85.8;-85.9;-86.0;-85.9;-86.1;-86.1;-86.1;-86.3;-86.2;-86.0;-85.8;-86.0;-86.2;-86.1;-86.0;-86.0;-85.6;-85.8;-85.9;-86.2;-86.2;-86.0;-86.0;-86.0;-86.3;-86.0;-86.3;-85.9;-85.8;-86.1;-86.0;-85.9;-85.7;-85.9;-85.9;-85.9;-85.8;-86.0;-86.0;-85.9;-85.7;-86.1;-86.0;-86.1;-85.9;-86.3;-86.3;-86.1;-86.0;-85.9;-85.9;-86.3;-85.8;-85.8;-86.0;-85.5;-86.0;-85.9;-85.8;-86.1;-85.8;-85.7;-85.8;-86.2;-85.8;-86.1;-85.9;-86.2;-85.9;-86.1;-85.5;-86.0;-86.0;-86.0;-85.8;-85.7;-86.2;-86.0;-86.2;-85.7;-86.1;-85.9;-85.7;-85.8;-85.7;-86.1;-85.8;
-85.9;-86.3;-85.7;-86.0;-85.9;-85.9;-86.0;-85.8;-85.8;-85.8;-85.9;-85.7;-86.0;-86.0;-85.9;-85.7;-86.0;-86.2;-85.9;-86.2;-85.9;-85.9;-85.8;-85.8;-85.9;-85.8;-85.8;-86.0;-86.1;-85.9;-85.8;-85.8;-85.9;-85.9;-85.8;-85.8;-85.9;-85.7;-85.8;-85.9;-85.7;-85.6;-86.1;-86.0;-86.0;-86.0;-85.8;-85.9;-85.8;-86.0;-85.7;-85.8;-85.9;-86.0;-85.9;-85.8;-85.7;-85.7;-85.8;-86.0;-85.9;-85.8;-85.7;-86.2;-85.6;-86.0;-86.3;-86.0;-85.9;-86.0;-86.0;-85.8;-85.9;-85.6;-86.1;-85.7;-86.2;-86.1;-86.2;-85.7;-85.7;-85.9;-85.9;-85.9;-86.2;-85.8;-85.7;-85.7;-85.9;-85.7;-85.7;-85.9;-85.9;-85.9;-86.0;-85.9;-85.8;-85.8;-85.9;-85.7;
-85.8;-86.0;-85.6;-85.8;-85.9;-85.7;-86.3;-86.0;-86.0;-85.6;-85.7;-85.7;-85.7;-85.9;-85.7;-85.6;-85.6;-85.9;-86.1;-85.7;-85.6;-85.7;-85.9;-85.8;-86.0;-86.0;-85.8;-85.6;-85.9;-86.0;-86.0;-85.8;-85.6;-85.6;-86.0;-85.4;-85.8;-85.9;-85.9;-85.8;-85.8;-86.0;-85.6;-85.9;-85.6;-86.0;-85.8;-85.6;-86.1;-85.8;-86.0;-85.8;-85.9;-85.7;-85.7;-85.6;-85.8;-85.8;-85.8;-85.7;-85.9;-85.8;-85.7;-85.9;-85.7;-85.7;-85.7;-86.1;-85.8;-86.0;-85.7;-85.7;-85.7;-85.8;-85.6;-86.0;-86.1;-86.1;-85.8;-85.7;-86.0;-86.0;-86.2;-85.9;-85.8;-85.7;-85.8;-86.1;-85.9;-85.9;-85.7;-86.3;-85.8;-85.9;-85.9;-86.0;-85.8;-85.9;-86.0;-85.9;
-85.7;-86.0;-85.9;-85.8;-85.9;-85.9;-85.5;-85.7;-86.0;-86.0;-85.9;-85.8;-85.8;-85.9;-85.8;-85.6;-85.8;-85.7;-85.7;-85.6;-85.8;-85.9;-86.1;-85.9;-85.7;-85.7;-85.9;-85.6;-85.7;-85.8;-85.9;-85.6;-85.8;-85.7;-85.6;-85.8;-85.9;-85.7;-86.2;-85.8;-85.8;-86.1;-85.9;-85.9;-85.8;-85.7;-85.7;-85.7;-86.0;-85.5;-85.9;-85.9;-85.8;-85.8;-85.7;-85.7;-85.7;-85.7;-86.0;-85.8;-85.6;-85.9;-85.9;-86.0;-85.6;-85.8;-85.9;-85.7;-85.9;-85.9;-85.9;-86.1;-85.9;-85.8;-86.1;-85.8;-86.1;-85.6;-85.9;-85.6;-85.7;-85.7;-85.7;-85.9;-86.0;-85.9;-86.0;-85.7;-86.0;-86.1;-86.0;-85.8;-85.8;-85.8;-85.9;-85.7;-85.8;-85.7;-85.9;-85.9;
-85.9;-86.3;-85.8;-86.0;-85.8;-85.7;-85.7;-85.9;-85.7;-85.8;-85.8;-85.7;-85.8;-86.0;-86.1;-85.9;-85.7;-85.8;-85.8;-86.0;-85.9;-85.6;-85.8;-85.6;-86.2;-85.8;-85.9;-85.8;-85.8;-85.7;-85.5;-85.9;-85.7;-85.5;-85.8;-85.7;-85.7;-85.6;-85.8;-86.0;-85.9;-85.8;-85.9;-85.9;-86.0;-85.9;-86.0;-85.9;-85.9;-86.0;-85.9;-86.0;-85.8;-85.7;-85.7;-85.8;-85.6;-85.6;-85.7;-86.0;-85.6;-85.8;-85.6;-85.4;-85.8;-85.7;-85.8;-86.1;-85.8;-85.6;-85.6;-85.9;-85.6;-86.1;-85.9;-86.3;-86.1;-85.9;-86.0;-85.8;-85.7;-86.0;-85.7;-85.9;-85.8;-86.0;-85.8;-85.5;-85.9;-86.0;-85.8;-85.9;-85.9;-85.9;-85.7;-85.7;-86.0;-85.6;-86.0;-85.8;
-85.7;-85.8;-85.8;-86.0;-86.4;-86.1;-85.7;-85.6;-85.8;-85.7;-85.9;-86.0;-85.7;-85.9;-85.7;-85.5;-85.7;-85.8;-85.9;-86.1;-85.9;-86.1;-85.9;-86.3;-85.7;-86.1;-86.0;-86.0;-86.3;-85.9;-86.1;-85.8;-85.8;-85.9;-86.0;-86.2;-86.1;-85.6;-85.8;-85.6;-86.1;-86.0;-86.0;-85.7;-85.8;-85.8;-85.8;-85.9;-85.9;-85.8;-85.8;-85.7;-86.0;-86.4;-86.6;-86.2;-85.9;-85.8;-86.2;-86.0;-85.9;-85.6;-86.2;-86.1;-86.0;-86.0;-85.9;-85.8;-86.2;-85.8;-85.8;-86.1;-85.9;-86.1;-86.1;-86.2;-85.9;-86.1;-85.9;-85.7;-85.7;-85.9;-85.8;-85.7;-86.1;-86.1;-85.8;-85.8;-85.8;-85.8;-86.2;-85.9;-85.9;-86.0;-85.9;-86.0;-86.0;-85.8;-86.0;-86.2;
-85.9;-85.9;-85.9;-86.0;-86.1;-86.1;-85.9;-86.0;-85.9;-86.1;-85.7;-86.1;-85.9;-86.1;-86.1;-86.1;-85.8;-85.9;-85.5;-85.9;-85.7;-85.9;-85.7;-85.8;-85.7;-85.8;-86.0;-85.9;-86.0;-86.1;-85.9;-85.9;-85.9;-85.6;-86.3;-86.2;-85.8;-86.1;-85.7;-85.6;-85.7;-86.1;-85.9;-86.1;-86.0;-85.7;-85.9;-85.7;-85.6;-85.9;-86.0;-85.7;-85.7;-85.9;-85.8;-85.7;-86.0;-85.7;-85.8;-85.8;-85.9;-85.6;-86.1;-85.8;-85.8;-85.7;-86.0;-85.9;-85.8;-85.7;-85.6;-85.8;-85.8;-86.2;-85.8;-85.7;-86.2;-86.0;-85.8;-86.1;-85.7;-85.8;-85.9;-85.8;-86.1;-85.8;-86.1;-86.0;-85.7;-86.0;-85.9;-86.0;-85.7;-86.1;-86.1;-85.9;-85.7;-86.1;-85.9;-85.7;
-85.9;-86.0;-85.9;-86.1;-85.8;-85.9;-85.8;-85.7;-85.8;-86.4;-85.9;-86.0;-85.5;-85.7;-85.9;-85.9;-86.0;-85.8;-86.2;-85.7;-85.9;-86.0;-85.8;-85.6;-85.8;-85.9;-85.5;-85.9;-85.8;-86.0;-85.8;-85.9;-86.1;-85.6;-85.8;-85.7;-85.9;-86.0;-85.9;-85.8;-85.8;-86.0;-86.0;-85.9;-85.6;-86.0;-85.8;-85.8;-85.9;-85.7;-85.8;-86.0;-86.2;-86.0;-85.9;-86.0;-85.9;-85.8;-86.0;-85.8;-85.7;-85.9;-86.0;-86.3;-85.9;-85.8;-85.7;-85.8;-85.6;-85.7;-85.7;-85.9;-86.1;-85.7;-85.9;-85.9;-86.0;-85.9;-85.8;-85.7;-86.0;-86.2;-85.6;-85.9;-85.9;-85.8;-86.1;-85.8;-85.7;-85.5;-85.7;-86.1;-85.8;-86.0;-86.1;-85.8;-86.0;-85.7;-85.8;-86.3;
-85.8;-86.2;-86.0;-85.6;-85.9;-85.9;-86.1;-84.6;-85.8;-85.7;-85.8;-85.9;-86.0;-86.2;-86.0;-85.8;-85.7;-85.8;-85.8;-86.0;-86.3;-85.8;-86.0;-85.8;-85.7;-85.7;-85.8;-85.8;-85.7;-86.1;-86.1;-85.9;-85.7;-86.0;-85.8;-85.8;-86.1;-85.7;-85.6;-86.0;-86.2;-85.8;-86.1;-86.3;-86.2;-85.6;-86.1;-86.0;-86.0;-86.0;-85.9;-86.1;-86.0;-86.1;-85.6;-86.1;-85.9;-86.0;-86.0;-85.8;-86.1;-86.1;-86.0;-86.0;-86.1;-85.7;-86.0;-86.1;-86.1;-85.7;-85.7;-86.0;-85.9;-85.6;-86.1;-86.0;-85.6;-85.9;-86.0;-85.7;-86.0;-86.1;-85.6;-85.9;-86.2;-86.0;-85.7;-85.7;-86.2;-85.7;-85.7;-86.0;-86.0;-85.9;-85.9;-85.6;-85.9;-85.9;-85.9;-85.7;
-85.9;-86.1;-86.0;-85.9;-85.9;-86.2;-85.7;-81.8;-85.9;-86.0;-85.8;-85.8;-86.2;-86.2;-85.9;-86.1;-86.2;-85.7;-85.9;-85.7;-85.7;-86.0;-85.9;-85.8;-85.8;-85.8;-86.2;-86.1;-85.4;-85.7;-85.7;-86.2;-85.8;-85.6;-85.8;-85.7;-85.9;-85.6;-85.7;-85.8;-85.7;-86.1;-85.7;-85.7;-85.6;-85.8;-86.1;-86.2;-86.1;-86.5;-85.9;-85.8;-86.0;-85.9;-85.9;-85.8;-85.9;-85.8;-85.9;-85.8;-85.8;-86.0;-85.9;-85.9;-85.8;-85.9;-86.0;-85.8;-85.9;-85.7;-85.9;-85.8;-86.2;-85.8;-85.8;-85.7;-86.0;-85.8;-85.8;-85.7;-86.2;-86.1;-85.8;-85.6;-86.0;-85.7;-85.7;-85.8;-85.8;-86.1;-85.7;-85.8;-85.6;-85.9;-85.9;-86.0;-86.1;-85.8;-85.7;-86.0;
-85.7;-86.0;-85.9;-85.7;-85.6;-86.0;-85.7;-85.8;-86.0;-85.9;-85.9;-86.2;-86.2;-85.8;-85.9;-86.0;-86.2;-85.8;-86.1;-86.1;-85.7;-86.2;-85.9;-85.9;-85.8;-86.1;-85.7;-86.1;-86.0;-85.7;-86.0;-85.9;-85.8;-85.9;-85.6;-85.6;-85.9;-86.0;-86.0;-85.9;-85.9;-86.0;-85.9;-86.3;-85.9;-85.6;-85.8;-86.4;-86.0;-85.8;-86.0;-86.1;-86.0;-85.8;-86.0;-85.9;-85.7;-86.0;-85.9;-85.7;-85.7;-85.9;-85.9;-85.8;-85.8;-85.8;-85.9;-85.8;-85.8;-85.9;-85.8;-86.0;-85.8;-85.8;-85.8;-85.9;-85.8;-85.9;-85.8;-86.1;-85.9;-85.8;-85.9;-85.8;-85.9;-85.9;-85.7;-85.9;-85.9;-86.1;-85.8;-86.0;-86.2;-85.7;-85.7;-86.0;-85.9;-85.8;-85.9;-86.1;
-85.9;-86.2;-85.7;-86.0;-86.2;-85.9;-85.8;-84.5;-85.8;-86.0;-85.9;-85.9;-85.8;-85.8;-85.8;-85.8;-86.0;-85.7;-85.8;-85.7;-85.9;-85.8;-86.0;-86.1;-85.7;-85.8;-86.0;-86.0;-85.8;-86.0;-85.9;-86.1;-85.7;-85.9;-85.9;-86.2;-85.9;-85.8;-85.8;-85.8;-86.0;-85.7;-85.8;-85.9;-85.9;-85.9;-86.1;-86.0;-85.7;-85.7;-85.7;-85.5;-86.0;-85.9;-86.1;-86.1;-86.0;-85.8;-85.8;-85.8;-86.0;-86.2;-85.8;-85.8;-85.8;-86.0;-85.9;-86.0;-85.8;-85.8;-85.8;-85.6;-85.8;-85.7;-86.0;-86.0;-86.0;-86.0;-86.0;-85.6;-85.7;-86.0;-85.8;-85.9;-85.9;-86.1;-85.9;-85.7;-85.9;-85.8;-86.1;-86.0;-85.7;-85.7;-85.9;-85.9;-86.0;-86.1;-85.6;-86.0;
-85.4;-85.7;-86.0;-85.9;-85.7;-86.2;-85.9;-85.6;-86.0;-85.8;-85.8;-86.0;-85.9;-86.0;-86.1;-85.4;-86.0;-85.8;-86.3;-86.0;-85.8;-86.0;-85.9;-85.8;-85.8;-85.8;-86.0;-85.9;-86.1;-85.9;-86.2;-85.9;-85.7;-85.7;-85.5;-85.8;-85.6;-85.8;-86.0;-86.1;-85.7;-85.9;-85.9;-86.1;-85.9;-86.0;-86.2;-85.8;-85.9;-86.0;-85.8;-85.9;-85.8;-85.7;-86.2;-86.0;-85.7;-86.0;-86.1;-85.7;-85.8;-86.1;-85.8;-85.9;-85.4;-86.3;-85.6;-85.9;-86.4;-86.1;-86.0;-86.3;-85.9;-86.0;-86.0;-85.9;-85.9;-86.0;-85.9;-86.0;-85.8;-85.7;-86.1;-85.9;-86.0;-85.9;-85.8;-85.9;-85.9;-85.9;-85.9;-86.2;-85.8;-86.2;-86.1;-86.2;-86.0;-86.3;-86.0;-85.8;
-85.8;-86.0;-85.9;-85.7;-85.8;-86.0;-85.7;-85.7;-86.0;-85.9;-85.9;-85.9;-85.9;-86.0;-85.9;-85.8;-85.8;-86.3;-86.1;-86.1;-85.7;-85.8;-86.3;-86.2;-85.9;-86.3;-85.9;-86.0;-85.5;-85.6;-85.8;-86.2;-85.7;-86.1;-85.8;-85.9;-86.1;-86.0;-85.7;-85.8;-85.8;-86.1;-85.8;-85.8;-86.1;-85.5;-85.9;-85.8;-85.6;-85.8;-85.8;-85.8;-85.7;-86.0;-85.9;-85.9;-85.9;-86.1;-86.2;-85.9;-85.8;-85.9;-86.0;-86.1;-86.1;-85.7;-85.8;-85.8;-85.7;-85.9;-86.0;-86.0;-85.8;-85.8;-86.1;-85.9;-85.9;-85.9;-85.8;-86.1;-85.8;-85.9;-85.9;-86.1;-86.2;-86.0;-86.0;-86.1;-86.0;-86.1;-85.7;-85.8;-85.7;-85.7;-86.1;-85.9;-85.7;-85.8;-86.0;-86.1;
-85.6;-85.7;-85.7;-85.9;-85.8;-85.8;-86.0;-83.6;-85.7;-86.1;-86.0;-85.6;-86.3;-85.7;-86.2;-85.8;-86.2;-86.1;-85.9;-86.0;-85.8;-85.9;-85.8;-86.0;-85.9;-85.7;-85.8;-86.2;-85.7;-85.9;-85.9;-86.1;-85.8;-85.8;-85.9;-86.0;-86.0;-86.1;-86.1;-85.9;-86.0;-85.8;-85.7;-85.8;-86.0;-86.0;-85.8;-85.9;-85.8;-85.9;-85.9;-86.0;-85.8;-85.8;-86.0;-85.8;-86.1;-86.1;-85.6;-85.8;-86.1;-86.1;-85.7;-85.6;-85.8;-85.6;-85.9;-85.7;-86.0;-86.1;-85.8;-85.8;-86.0;-85.7;-85.8;-85.7;-85.9;-85.8;-86.1;-85.6;-86.0;-85.9;-85.8;-85.9;-86.2;-85.7;-86.1;-86.0;-86.0;-85.9;-86.0;-86.2;-85.7;-86.2;-85.8;-85.4;-85.9;-85.8;-86.1;-86.0;
-86.1;-86.1;-86.0;-85.8;-85.8;-85.7;-85.2;-85.8;-85.8;-86.1;-85.8;-86.1;-85.9;-85.9;-85.8;-85.9;-85.9;-85.8;-86.1;-85.9;-85.8;-85.6;-86.0;-86.0;-85.7;-85.9;-85.8;-85.8;-85.8;-85.9;-85.8;-85.9;-85.9;-86.0;-85.8;-85.6;-85.9;-86.2;-85.8;-86.0;-85.9;-85.8;-85.9;-86.3;-85.7;-85.8;-85.7;-85.7;-86.0;-86.2;-85.8;-85.8;-86.0;-85.7;-85.7;-86.2;-85.7;-86.1;-86.0;-85.9;-86.0;-85.8;-85.6;-86.1;-85.7;-85.8;-85.8;-85.8;-86.0;-85.9;-86.0;-85.7;-85.6;-85.9;-86.3;-85.8;-86.0;-86.1;-86.0;-86.1;-85.7;-86.0;-85.7;-86.1;-85.8;-86.0;-85.6;-86.0;-85.8;-85.9;-86.1;-86.0;-86.1;-85.7;-86.2;-85.9;-85.9;-85.7;-86.0;-85.8;
-85.8;-85.9;-86.1;-85.8;-85.9;-86.1;-86.0;-85.3;-85.8;-85.7;-86.2;-85.7;-86.1;-85.8;-86.1;-85.7;-85.9;-85.7;-86.2;-86.0;-85.8;-86.0;-86.3;-86.0;-85.9;-86.0;-86.1;-86.0;-85.8;-85.9;-86.1;-86.0;-86.0;-85.9;-86.1;-85.7;-86.1;-85.8;-86.1;-85.6;-86.0;-86.0;-86.3;-86.0;-85.8;-86.2;-85.9;-85.8;-85.7;-85.9;-86.0;-86.0;-86.0;-86.0;-86.1;-85.9;-85.9;-85.8;-85.9;-86.0;-85.9;-86.0;-85.9;-85.9;-85.9;-85.9;-86.0;-85.8;-85.9;-86.1;-85.9;-86.1;-85.8;-85.7;-86.1;-85.9;-86.2;-86.0;-86.1;-85.9;-86.1;-86.1;-85.8;-86.1;-86.0;-86.1;-85.7;-86.0;-85.8;-85.9;-85.9;-85.6;-85.8;-85.8;-85.9;-85.8;-85.9;-86.0;-86.1;-86.3;
-86.2;-85.9;-86.0;-85.9;-85.9;-86.0;-85.7;-85.1;-85.8;-86.1;-86.3;-86.0;-86.2;-85.9;-86.3;-86.1;-85.8;-85.7;-86.0;-85.8;-85.9;-86.3;-85.9;-85.9;-85.6;-85.8;-86.0;-85.7;-86.1;-85.8;-85.9;-85.7;-86.0;-85.8;-85.9;-85.6;-85.6;-86.0;-85.7;-85.8;-86.0;-85.8;-85.9;-86.0;-85.8;-85.8;-85.8;-86.2;-85.9;-85.8;-86.0;-86.1;-86.0;-86.0;-85.8;-85.7;-85.5;-85.7;-86.2;-86.2;-85.9;-85.9;-85.8;-85.8;-85.6;-85.6;-86.1;-86.0;-86.3;-85.8;-85.8;-86.0;-86.1;-86.2;-85.9;-85.9;-86.1;-85.6;-86.1;-85.8;-85.8;-86.4;-85.7;-86.0;-86.0;-85.8;-86.2;-86.0;-85.8;-85.7;-85.9;-85.9;-85.6;-85.8;-86.0;-85.8;-85.8;-85.7;-86.1;-85.8;
-86.0;-85.8;-86.1;-86.4;-86.1;-86.2;-85.9;-82.7;-85.8;-85.9;-85.9;-85.9;-85.6;-85.8;-85.9;-85.9;-85.8;-86.3;-86.0;-86.1;-86.0;-85.9;-86.1;-86.2;-85.7;-86.0;-85.9;-86.2;-85.7;-86.1;-85.8;-85.8;-85.8;-85.9;-86.2;-86.0;-86.0;-85.9;-86.0;-85.9;-85.9;-85.6;-85.6;-86.0;-85.9;-86.0;-85.9;-86.1;-86.0;-85.9;-86.0;-86.1;-86.1;-85.8;-86.1;-85.7;-86.0;-86.0;-86.0;-85.9;-86.4;-85.9;-86.1;-86.0;-86.2;-85.7;-85.8;-85.7;-86.0;-86.0;-85.9;-86.1;-85.9;-86.0;-85.8;-86.4;-85.7;-86.3;-85.9;-85.9;-85.7;-86.1;-85.8;-85.8;-86.0;-85.7;-86.0;-85.9;-86.0;-85.9;-86.0;-86.1;-86.0;-86.0;-85.5;-86.2;-86.3;-86.0;-86.0;-85.9;
-86.1;-85.8;-86.1;-85.8;-85.8;-86.2;-85.9;-86.2;-86.1;-86.0;-85.7;-86.1;-85.7;-86.1;-85.8;-85.9;-85.8;-85.8;-86.2;-85.8;-85.9;-85.9;-86.1;-85.8;-85.7;-86.0;-86.0;-86.1;-85.7;-86.0;-85.7;-85.9;-85.7;-86.1;-85.7;-86.0;-85.8;-85.9;-85.6;-86.0;-86.0;-86.2;-85.9;-85.8;-85.6;-85.9;-85.8;-86.0;-86.1;-86.0;-86.0;-85.7;-86.0;-85.9;-85.7;-85.8;-85.9;-85.8;-85.8;-86.0;-85.9;-86.0;-85.9;-85.9;-85.9;-85.5;-86.1;-85.7;-85.8;-85.7;-85.7;-85.8;-86.0;-85.8;-86.0;-85.8;-85.8;-86.0;-86.1;-85.7;-86.2;-85.8;-86.2;-85.9;-85.7;-85.9;-85.9;-86.1;-86.0;-86.0;-86.0;-85.9;-86.1;-86.2;-85.9;-86.0;-85.7;-85.9;-86.0;-85.7;
-85.9;-85.8;-85.8;-86.3;-85.8;-86.0;-85.9;-83.6;-85.7;-86.0;-86.0;-85.8;-86.2;-85.9;-85.9;-86.0;-86.0;-85.8;-85.8;-85.6;-85.8;-86.2;-85.8;-85.8;-86.1;-85.9;-86.1;-86.1;-85.8;-85.9;-86.0;-86.0;-85.6;-85.7;-86.1;-85.9;-86.0;-85.7;-86.0;-86.0;-86.2;-86.0;-86.1;-85.9;-85.9;-85.8;-85.8;-85.8;-86.1;-86.2;-85.9;-85.9;-85.8;-85.9;-85.9;-86.1;-85.5;-85.8;-85.8;-86.0;-86.0;-85.9;-86.0;-86.0;-85.9;-85.8;-85.6;-86.0;-85.6;-86.1;-85.8;-85.9;-86.0;-85.9;-85.9;-85.9;-85.9;-86.0;-86.1;-86.2;-85.9;-85.6;-86.0;-86.3;-85.8;-85.7;-86.0;-85.9;-85.7;-86.0;-86.2;-86.0;-86.1;-86.0;-86.0;-86.1;-86.0;-86.1;-86.0;-86.0;
-85.8;-85.9;-86.1;-86.0;-85.9;-85.9;-85.9;-85.2;-85.8;-86.1;-85.8;-86.0;-85.9;-86.0;-85.7;-85.9;-86.1;-85.7;-85.8;-86.0;-85.9;-85.8;-86.1;-86.1;-85.8;-86.1;-85.4;-86.0;-86.0;-85.9;-85.9;-85.8;-86.0;-86.2;-85.8;-85.8;-85.7;-86.0;-86.1;-85.7;-85.8;-85.9;-86.0;-86.0;-86.0;-85.6;-85.5;-86.3;-85.8;-86.3;-86.1;-86.0;-85.9;-85.6;-86.2;-85.8;-86.2;-85.7;-85.8;-85.8;-86.1;-86.1;-86.4;-85.9;-85.7;-85.8;-86.1;-85.9;-86.0;-85.6;-85.9;-85.9;-85.9;-86.1;-85.9;-85.7;-86.0;-86.1;-85.9;-86.1;-86.1;-85.9;-86.3;-85.9;-85.9;-86.2;-86.0;-85.9;-85.6;-85.7;-86.0;-85.7;-86.1;-85.9;-86.0;-86.0;-85.6;-86.3;-85.7;-86.1;
-86.3;-86.0;-85.7;-85.6;-86.3;-85.8;-86.1;-85.2;-85.8;-86.0;-85.7;-85.8;-86.0;-85.8;-86.0;-85.8;-85.8;-85.7;-86.0;-85.8;-85.9;-85.8;-86.0;-85.9;-85.8;-86.1;-85.7;-85.8;-86.1;-86.1;-85.9;-86.1;-85.8;-85.9;-85.8;-86.0;-85.7;-85.7;-86.1;-85.7;-86.0;-86.0;-86.1;-85.9;-85.9;-85.4;-85.7;-85.8;-86.2;-85.8;-85.8;-85.5;-85.8;-86.2;-86.0;-86.0;-85.8;-85.9;-86.0;-86.0;-85.9;-86.0;-85.7;-85.9;-86.1;-86.0;-85.8;-86.0;-86.2;-85.9;-85.9;-85.9;-86.0;-86.4;-85.6;-86.1;-86.0;-86.2;-86.0;-86.0;-85.6;-86.0;-85.8;-85.7;-85.8;-85.8;-85.7;-85.7;-85.7;-86.1;-86.0;-85.7;-85.8;-85.9;-85.9;-85.8;-86.4;-86.0;-85.8;-86.0;
-85.8;-85.9;-85.8;-86.3;-86.0;-86.1;-85.9;-84.3;-85.8;-85.6;-85.9;-85.8;-86.0;-85.7;-86.0;-85.9;-86.0;-86.0;-85.8;-85.8;-85.7;-85.6;-85.8;-85.8;-85.9;-85.8;-85.8;-86.3;-85.7;-86.1;-86.1;-86.0;-86.1;-85.8;-85.8;-85.9;-86.0;-85.8;-86.0;-86.0;-85.8;-85.7;-85.6;-86.0;-85.9;-85.9;-86.3;-85.9;-85.9;-85.9;-86.1;-85.7;-85.8;-85.9;-86.1;-86.0;-86.0;-86.0;-86.0;-85.9;-86.0;-85.9;-85.8;-86.1;-85.8;-86.1;-85.9;-86.0;-86.1;-85.9;-85.8;-86.1;-86.0;-86.0;-85.9;-85.9;-85.7;-86.0;-86.1;-85.9;-85.9;-86.1;-85.9;-85.8;-86.0;-85.8;-86.0;-86.0;-85.9;-85.7;-85.8;-85.9;-85.9;-86.0;-86.2;-85.9;-86.1;-85.3;-85.9;-86.0;
-85.9;-86.0;-85.9;-85.6;-86.0;-85.7;-85.7;-86.2;-86.3;-85.8;-85.9;-86.0;-85.6;-85.8;-86.1;-85.9;-86.1;-86.0;-85.9;-86.0;-85.9;-85.7;-86.5;-85.7;-86.0;-86.0;-85.9;-85.8;-85.7;-86.0;-85.8;-85.8;-85.6;-86.2;-85.8;-85.9;-85.8;-86.0;-85.9;-85.8;-86.0;-85.9;-86.2;-86.1;-86.0;-86.1;-85.9;-85.8;-85.5;-85.7;-85.9;-85.9;-85.7;-85.8;-85.9;-86.0;-85.9;-85.7;-85.8;-86.1;-86.0;-85.8;-86.1;-86.0;-85.8;-85.8;-85.8;-86.0;-85.8;-86.1;-85.6;-86.0;-86.0;-85.9;-86.0;-85.9;-85.8;-86.0;-85.9;-85.6;-85.9;-86.0;-85.8;-86.1;-85.7;-85.9;-85.6;-86.2;-85.9;-86.0;-86.1;-86.1;-86.0;-85.9;-86.1;-85.9;-86.0;-86.0;-85.8;-86.0;
-85.8;-86.0;-85.8;-86.0;-86.3;-85.9;-85.9;-82.5;-86.1;-85.9;-85.9;-85.9;-85.9;-86.1;-86.0;-85.9;-85.9;-86.0;-85.9;-86.1;-86.0;-85.9;-85.8;-86.0;-85.9;-85.8;-86.2;-86.2;-85.9;-86.1;-86.4;-85.8;-85.9;-85.9;-86.4;-85.9;-86.1;-85.9;-85.9;-86.0;-85.9;-85.6;-85.9;-85.9;-86.1;-85.9;-85.7;-86.1;-86.2;-86.1;-86.3;-85.9;-85.9;-85.9;-86.0;-86.0;-86.0;-85.8;-86.0;-85.8;-86.2;-85.7;-86.2;-85.7;-86.1;-86.1;-85.7;-85.8;-85.9;-86.0;-85.8;-86.3;-86.0;-85.9;-86.1;-86.4;-86.0;-86.1;-85.9;-85.9;-85.9;-86.1;-85.7;-85.9;-85.8;-85.9;-85.9;-85.9;-86.4;-85.8;-85.8;-86.0;-86.0;-86.3;-85.8;-85.9;-85.9;-86.0;-86.0;-85.9;
-86.1;-85.9;-86.2;-85.9;-86.0;-86.0;-86.1;-85.4;-86.1;-86.4;-86.0;-86.2;-86.0;-86.3;-85.6;-86.1;-86.1;-86.0;-86.1;-86.2;-85.9;-85.7;-85.7;-86.0;-85.8;-86.1;-85.9;-86.0;-86.1;-86.1;-85.7;-85.9;-86.3;-86.1;-85.8;-85.6;-85.9;-85.7;-86.1;-85.7;-86.1;-86.5;-86.0;-86.0;-86.2;-85.9;-85.8;-85.8;-86.1;-85.7;-85.8;-85.9;-86.1;-86.1;-86.4;-86.1;-85.9;-85.9;-85.8;-85.9;-86.3;-86.1;-85.8;-86.1;-85.9;-86.1;-86.0;-86.0;-85.7;-86.0;-86.2;-85.7;-85.7;-86.1;-86.0;-86.0;-86.1;-86.2;-85.9;-86.0;-85.6;-86.0;-85.9;-85.9;-86.1;-85.8;-85.7;-86.0;-85.9;-85.9;-86.0;-86.2;-86.0;-86.2;-85.8;-86.0;-86.1;-85.8;-86.5;-85.9;
-86.1;-85.9;-86.1;-85.8;-85.7;-86.1;-86.1;-81.2;-86.0;-86.0;-86.4;-86.1;-85.8;-86.0;-86.0;-86.2;-86.3;-85.9;-86.2;-86.0;-86.1;-86.0;-85.9;-86.0;-86.2;-85.7;-85.9;-85.9;-86.1;-86.1;-86.3;-86.1;-86.0;-86.0;-85.8;-85.9;-86.3;-85.9;-86.1;-85.8;-86.0;-85.9;-85.9;-86.0;-86.1;-86.2;-85.9;-86.0;-86.1;-85.9;-86.1;-86.0;-86.3;-86.0;-86.1;-86.0;-86.2;-86.2;-86.0;-86.0;-86.1;-85.6;-86.2;-85.8;-85.8;-85.9;-86.0;-85.8;-85.5;-85.9;-86.2;-86.3;-86.0;-85.8;-85.9;-86.1;-86.0;-85.8;-85.8;-86.1;-85.7;-86.1;-85.7;-85.8;-86.1;-85.6;-85.8;-85.7;-86.0;-86.0;-85.9;-85.9;-86.4;-86.1;-86.1;-86.0;-85.9;-86.0;-85.9;-85.6;
-86.0;-86.1;-85.9;-86.0;-86.3;-86.1;-85.8;-85.8;-86.4;-85.9;-86.1;-85.8;-85.5;-85.7;-85.9;-86.1;-85.7;-85.9;-85.7;-85.8;-85.9;-85.9;-85.8;-86.0;-86.1;-86.0;-86.0;-85.9;-86.0;-86.0;-86.1;-85.9;-86.0;-86.0;-85.9;-85.8;-86.2;-86.2;-86.0;-85.8;-86.1;-85.9;-86.0;-86.3;-86.3;-85.7;-85.9;-86.0;-85.9;-86.0;-86.2;-85.7;-86.0;-85.9;-85.9;-85.7;-86.0;-86.2;-85.9;-86.0;-86.0;-86.1;-85.9;-85.9;-86.2;-85.8;-85.9;-85.9;-85.9;-86.0;-86.0;-85.9;-86.2;-86.3;-85.8;-86.2;-86.2;-85.8;-85.7;-86.1;-85.8;-85.9;-86.0;-85.8;-85.7;-86.1;-85.6;-85.6;-86.0;-86.2;-85.7;-86.1;-85.7;-86.2;-86.2;-85.6;-86.1;-85.9;-86.1;-86.2;
-86.1;-85.8;-86.0;-86.0;-85.9;-86.3;-85.7;-85.5;-86.1;-86.0;-86.1;-86.2;-86.1;-85.8;-86.0;-86.0;-86.0;-86.0;-86.2;-86.1;-85.7;-85.7;-85.9;-85.9;-85.6;-86.0;-85.9;-85.7;-86.0;-86.1;-86.2;-85.8;-86.2;-86.2;-86.0;-86.1;-85.8;-85.8;-86.1;-85.8;-85.7;-86.1;-85.9;-86.2;-85.6;-86.1;-85.9;-86.3;-85.8;-86.2;-85.9;-85.8;-86.0;-85.7;-85.9;-85.9;-85.8;-86.0;-85.8;-86.2;-85.8;-85.8;-85.9;-85.8;-85.8;-86.2;-86.0;-85.9;-86.0;-85.9;-86.3;-85.8;-85.8;-86.0;-86.0;-86.0;-86.2;-85.9;-86.1;-85.9;-85.9;-86.5;-86.0;-86.2;-86.0;-85.7;-85.9;-85.8;-86.0;-86.1;-86.0;-85.9;-86.1;-86.3;-85.8;-86.1;-86.0;-85.8;-85.9;-86.3;
-86.1;-85.9;-86.0;-85.9;-86.0;-86.0;-85.8;-86.0;-86.1;-86.0;-86.0;-86.1;-85.8;-86.3;-86.0;-86.2;-85.8;-85.7;-86.2;-85.9;-85.8;-86.0;-85.9;-85.8;-85.7;-85.9;-85.9;-85.7;-85.9;-85.8;-86.0;-85.9;-85.6;-85.8;-86.0;-85.9;-86.0;-85.9;-85.9;-85.9;-85.7;-85.9;-85.9;-86.1;-85.7;-85.8;-85.8;-85.9;-85.8;-86.0;-85.9;-85.9;-85.9;-85.9;-85.7;-85.8;-85.7;-85.9;-86.0;-86.1;-86.4;-85.8;-86.3;-86.3;-85.7;-85.8;-85.7;-85.9;-85.9;-85.9;-86.0;-86.3;-86.0;-85.9;-85.7;-85.9;-86.0;-86.1;-85.9;-85.9;-85.9;-86.2;-86.0;-85.7;-86.0;-85.8;-85.9;-85.7;-85.8;-85.9;-85.9;-85.8;-85.9;-85.6;-86.3;-85.8;-85.9;-85.7;-86.1;-85.7;
-86.1;-85.6;-86.4;-86.1;-85.8;-85.8;-85.7;-85.9;-85.8;-85.8;-85.8;-85.9;-85.9;-86.0;-85.7;-85.6;-86.1;-86.1;-85.8;-85.5;-85.6;-86.1;-85.9;-86.0;-86.0;-85.7;-86.2;-85.9;-85.9;-85.9;-85.8;-85.8;-86.1;-85.9;-85.9;-86.1;-85.9;-86.1;-85.6;-86.1;-86.0;-86.1;-86.1;-85.7;-85.8;-85.8;-85.8;-86.0;-86.0;-86.1;-86.1;-85.9;-85.9;-86.0;-86.1;-86.0;-86.0;-86.0;-85.7;-86.1;-85.8;-85.8;-86.0;-85.7;-86.1;-86.1;-85.6;-86.0;-86.1;-86.1;-85.7;-85.9;-86.0;-85.8;-85.9;-85.9;-86.1;-86.1;-85.9;-86.0;-85.9;-86.0;-86.1;-86.1;-86.0;-85.9;-85.9;-86.0;-85.9;-86.2;-85.8;-86.1;-85.9;-86.1;-85.9;-85.6;-86.0;-86.1;-86.3;-85.7;
-85.8;-86.1;-86.0;-85.9;-86.0;-86.0;-86.0;-86.0;-86.2;-85.7;-86.1;-85.8;-85.9;-86.0;-85.9;-86.1;-85.8;-85.9;-85.8;-86.0;-85.9;-86.1;-86.2;-85.9;-85.9;-86.1;-85.7;-86.0;-86.2;-86.2;-86.0;-86.0;-86.3;-85.9;-85.9;-86.1;-85.7;-85.8;-86.1;-86.1;-85.6;-85.9;-86.3;-86.4;-86.0;-85.9;-85.9;-85.8;-86.0;-86.0;-86.2;-85.9;-86.3;-85.8;-85.9;-85.6;-85.9;-86.2;-85.8;-86.0;-86.1;-86.1;-86.0;-86.0;-85.6;-85.8;-85.7;-86.3;-85.7;-86.1;-86.1;-86.1;-85.9;-86.0;-86.0;-86.2;-86.1;-85.9;-85.8;-86.2;-86.1;-85.8;-86.3;-85.8;-86.0;-85.9;-85.8;-85.8;-85.8;-86.0;-86.0;-85.9;-86.0;-85.8;-86.1;-85.7;-86.0;-86.2;-86.2;-86.0;
-85.9;-85.9;-86.1;-85.9;-86.1;-85.8;-85.8;-84.4;-85.8;-86.1;-85.7;-86.1;-86.1;-86.0;-85.6;-86.0;-86.2;-86.0;-85.9;-85.9;-85.9;-85.9;-86.2;-86.0;-85.8;-85.8;-86.1;-86.1;-85.8;-86.2;-86.0;-85.8;-86.0;-85.9;-85.7;-86.1;-86.3;-86.1;-85.8;-86.0;-86.0;-86.0;-85.9;-85.7;-86.0;-86.2;-86.1;-86.0;-85.8;-86.0;-86.0;-85.6;-86.2;-86.1;-85.9;-85.8;-86.1;-86.5;-86.0;-85.5;-86.1;-85.8;-86.3;-86.3;-85.6;-86.1;-85.9;-85.9;-85.9;-86.0;-86.1;-85.9;-85.9;-86.1;-86.2;-86.2;-86.3;-86.0;-86.0;-86.0;-85.8;-86.0;-86.0;-85.8;-85.9;-86.0;-85.8;-86.2;-86.0;-86.0;-85.6;-85.7;-85.9;-86.1;-86.0;-85.8;-86.1;-85.7;-86.0;-85.9;
-86.1;-85.9;-86.0;-86.1;-86.1;-86.1;-85.7;-80.5;-86.1;-85.7;-86.0;-86.1;-85.9;-86.0;-86.3;-85.8;-86.0;-85.8;-85.9;-85.7;-85.9;-85.8;-86.1;-86.1;-86.0;-85.7;-86.1;-86.0;-85.8;-85.9;-86.0;-86.2;-86.3;-86.1;-86.0;-85.8;-86.4;-86.1;-85.9;-86.3;-86.1;-86.1;-86.2;-86.0;-86.3;-85.9;-85.8;-86.1;-86.1;-86.1;-86.1;-85.8;-86.0;-86.3;-86.0;-86.0;-85.8;-85.9;-85.9;-86.2;-85.9;-85.8;-85.9;-85.8;-86.0;-85.9;-86.0;-86.0;-86.0;-85.9;-86.1;-85.9;-85.9;-85.8;-86.1;-86.1;-85.9;-85.9;-85.8;-86.0;-85.8;-86.5;-85.9;-86.4;-86.1;-86.2;-86.0;-85.8;-86.3;-86.0;-86.0;-85.8;-86.1;-86.0;-85.9;-85.8;-86.0;-86.1;-86.0;-85.8;
-86.1;-85.9;-86.0;-85.7;-86.1;-85.8;-86.1;-82.6;-85.9;-85.8;-86.1;-86.0;-85.9;-86.1;-86.0;-85.9;-86.0;-86.2;-85.7;-86.1;-86.2;-85.9;-86.0;-86.2;-85.9;-86.1;-86.1;-86.2;-86.1;-86.1;-86.1;-85.9;-85.9;-85.9;-86.0;-86.1;-86.2;-85.8;-86.1;-85.8;-85.9;-85.8;-85.9;-85.8;-85.9;-86.2;-85.8;-86.1;-86.1;-85.7;-85.9;-86.0;-85.8;-86.1;-86.2;-86.2;-85.7;-85.9;-85.9;-86.1;-86.1;-85.6;-86.0;-85.9;-86.1;-85.9;-85.8;-85.8;-86.1;-85.9;-86.0;-85.9;-85.7;-85.8;-86.0;-86.0;-86.0;-85.7;-85.9;-85.9;-86.2;-86.0;-86.3;-86.1;-86.3;-85.8;-85.9;-86.1;-85.7;-85.8;-85.8;-85.7;-85.8;-86.0;-85.7;-85.9;-86.0;-85.7;-85.8;-85.8;
-86.1;-85.9;-85.9;-86.1;-85.8;-86.0;-86.1;-84.9;-85.9;-86.0;-85.8;-85.9;-86.0;-85.8;-86.4;-85.8;-85.8;-86.0;-85.8;-86.0;-86.1;-85.9;-85.9;-86.0;-86.0;-86.3;-86.4;-86.0;-85.8;-86.0;-86.0;-85.8;-85.8;-85.9;-86.1;-85.9;-85.8;-85.7;-86.1;-85.7;-86.0;-86.0;-86.1;-86.2;-86.4;-85.9;-86.1;-86.1;-86.3;-86.0;-85.8;-86.2;-86.1;-86.0;-85.8;-85.9;-86.2;-85.9;-86.1;-85.8;-86.0;-86.0;-85.7;-86.0;-85.9;-86.1;-85.8;-86.1;-85.8;-86.1;-86.5;-85.8;-85.6;-85.8;-85.8;-86.2;-86.1;-86.2;-85.8;-86.1;-86.1;-85.8;-85.7;-85.9;-85.9;-85.9;-85.9;-85.8;-85.9;-86.0;-85.8;-85.8;-86.0;-85.8;-85.9;-86.4;-85.6;-86.1;-85.9;-86.0;
-86.1;-86.3;-85.8;-86.1;-86.1;-86.0;-86.2;-86.3;-85.7;-85.9;-85.9;-86.1;-86.1;-86.2;-86.2;-86.3;-86.1;-85.9;-85.9;-86.1;-85.9;-86.1;-86.1;-86.2;-85.9;-85.7;-86.1;-85.8;-86.0;-85.7;-86.0;-86.2;-86.3;-86.2;-85.9;-86.0;-85.8;-86.1;-86.1;-85.9;-86.0;-85.9;-85.9;-86.0;-85.9;-85.7;-86.3;-86.0;-86.3;-86.2;-86.1;-86.0;-86.0;-85.8;-85.9;-86.0;-85.7;-86.2;-85.7;-86.0;-85.7;-86.2;-85.8;-85.8;-85.7;-86.2;-86.0;-85.9;-86.1;-86.1;-86.0;-86.1;-86.1;-86.1;-86.0;-85.9;-85.9;-86.0;-85.9;-85.7;-86.0;-86.0;-86.2;-86.3;-85.9;-86.1;-86.2;-86.0;-85.9;-86.0;-86.2;-86.0;-86.0;-85.8;-85.6;-86.1;-86.0;-85.9;-86.0;-85.9;
-86.2;-86.2;-85.6;-85.8;-86.0;-85.9;-86.2;-85.9;-86.0;-86.3;-86.0;-86.1;-85.9;-85.8;-86.2;-85.7;-86.2;-85.9;-86.0;-86.2;-85.7;-85.8;-86.4;-85.9;-86.1;-86.2;-86.2;-85.9;-85.9;-86.0;-86.5;-85.6;-86.0;-85.9;-86.2;-86.1;-85.9;-86.1;-85.8;-86.3;-86.0;-86.4;-86.1;-86.2;-86.0;-85.9;-85.9;-85.9;-86.1;-86.0;-85.9;-86.1;-86.0;-86.1;-86.5;-85.6;-86.0;-86.0;-86.1;-86.0;-85.8;-86.2;-86.4;-85.8;-86.1;-85.9;-86.1;-85.9;-85.9;-86.0;-86.2;-86.1;-86.2;-85.9;-85.9;-85.8;-86.2;-85.9;-86.0;-86.0;-86.0;-86.2;-86.1;-85.9;-85.8;-86.1;-85.8;-85.7;-86.2;-86.0;-85.9;-86.3;-85.9;-86.1;-86.0;-85.9;-85.8;-86.2;-85.9;-86.2;
-86.2;-86.3;-86.1;-86.0;-86.0;-85.9;-86.0;-85.9;-85.8;-85.7;-85.9;-86.2;-85.8;-86.0;-86.0;-86.0;-86.1;-85.8;-86.2;-86.1;-85.8;-86.1;-85.8;-85.9;-86.1;-85.8;-85.7;-86.0;-85.9;-86.2;-86.0;-85.9;-85.8;-86.1;-86.0;-86.0;-85.8;-86.1;-85.9;-85.8;-85.6;-86.0;-86.3;-86.2;-86.0;-86.3;-85.8;-86.0;-85.9;-85.9;-86.0;-85.8;-86.1;-85.9;-86.2;-85.7;-85.8;-86.1;-86.0;-85.8;-86.0;-86.4;-86.0;-86.1;-86.1;-85.9;-86.0;-86.1;-86.0;-85.7;-85.9;-86.0;-85.9;-85.7;-86.3;-85.9;-86.1;-86.1;-86.1;-85.8;-86.1;-85.8;-85.8;-86.1;-85.9;-85.7;-86.0;-85.9;-86.0;-85.8;-86.3;-85.7;-86.1;-85.7;-86.0;-85.8;-86.0;-85.8;-85.7;-86.2;
-85.9;-86.2;-85.9;-86.0;-85.9;-85.7;-86.0;-85.4;-86.1;-85.8;-86.2;-85.8;-85.7;-85.7;-85.9;-86.0;-85.9;-86.0;-86.0;-85.8;-86.0;-85.8;-85.8;-85.8;-85.8;-86.0;-86.2;-86.0;-86.0;-86.0;-85.5;-86.0;-85.9;-86.1;-85.7;-86.1;-86.0;-85.8;-85.8;-86.1;-86.0;-86.0;-86.0;-86.2;-86.0;-86.2;-85.8;-85.8;-85.6;-85.6;-85.9;-85.9;-85.9;-85.8;-85.5;-85.7;-86.0;-86.0;-85.9;-86.2;-86.0;-86.0;-85.8;-85.9;-86.1;-85.9;-86.1;-85.8;-85.8;-85.9;-86.0;-86.1;-86.3;-85.8;-86.0;-85.9;-85.8;-85.8;-85.9;-86.0;-86.2;-85.7;-85.9;-85.9;-86.0;-85.7;-86.1;-86.0;-86.0;-85.6;-85.9;-86.2;-86.0;-86.2;-86.1;-85.8;-85.9;-85.9;-86.0;-85.9;
-85.7;-85.7;-85.8;-86.3;-86.2;-86.0;-85.8;-83.1;-85.9;-86.1;-86.0;-85.8;-85.9;-86.1;-86.2;-85.9;-85.7;-86.2;-86.4;-85.7;-86.1;-85.8;-86.4;-86.1;-86.1;-86.0;-86.1;-86.0;-86.2;-86.1;-85.9;-85.9;-85.9;-85.7;-85.7;-85.9;-85.8;-85.8;-86.2;-85.8;-85.9;-85.9;-86.2;-86.0;-86.1;-85.9;-86.0;-85.8;-85.9;-86.4;-86.0;-85.8;-86.0;-86.0;-85.9;-86.1;-85.6;-85.9;-86.0;-86.0;-86.0;-85.8;-86.2;-86.2;-86.0;-85.9;-86.0;-85.9;-85.9;-85.9;-85.9;-86.2;-85.8;-86.1;-86.2;-86.2;-86.0;-85.8;-86.1;-85.9;-86.1;-85.7;-86.0;-85.6;-86.3;-86.0;-86.0;-85.9;-85.9;-85.9;-85.8;-85.9;-85.9;-86.0;-86.0;-85.9;-86.1;-85.9;-86.0;-85.8;
-85.9;-85.7;-85.9;-86.0;-85.8;-86.0;-85.7;-85.8;-85.7;-86.0;-85.8;-85.9;-85.8;-85.9;-86.1;-86.3;-86.1;-85.8;-86.1;-85.9;-86.0;-85.9;-85.8;-86.2;-86.1;-85.8;-85.8;-86.1;-85.6;-86.1;-86.3;-86.0;-85.8;-85.8;-85.9;-86.1;-86.1;-86.0;-86.0;-85.9;-86.0;-86.1;-85.9;-86.2;-86.1;-86.2;-86.3;-86.0;-85.8;-85.9;-85.9;-86.0;-86.0;-85.9;-85.9;-86.0;-86.0;-86.2;-86.0;-86.0;-86.0;-86.0;-85.9;-85.8;-86.2;-86.3;-86.5;-86.0;-85.8;-86.0;-86.0;-85.9;-85.9;-86.3;-86.0;-86.0;-85.9;-85.8;-85.9;-85.7;-85.9;-85.8;-86.0;-85.6;-85.6;-86.0;-86.0;-86.3;-85.9;-85.9;-85.9;-85.9;-85.8;-86.2;-85.9;-86.1;-85.9;-85.9;-86.1;-85.7;
-86.2;-86.1;-86.0;-86.0;-86.3;-86.1;-86.0;-85.8;-86.1;-86.0;-86.4;-85.9;-85.7;-85.7;-86.0;-86.0;-86.0;-86.2;-86.1;-86.2;-85.9;-86.0;-85.8;-86.0;-86.1;-86.2;-85.8;-85.9;-86.0;-86.1;-86.2;-85.9;-85.9;-85.7;-86.1;-85.9;-86.0;-86.1;-86.0;-86.2;-86.0;-85.9;-85.8;-86.4;-86.2;-86.1;-85.9;-86.0;-86.1;-86.1;-85.8;-85.9;-86.1;-86.0;-86.1;-85.9;-86.2;-86.0;-86.0;-85.8;-86.0;-86.1;-85.8;-85.7;-85.8;-86.1;-85.8;-86.1;-86.0;-85.9;-86.2;-86.3;-86.0;-85.9;-85.8;-85.8;-86.1;-86.1;-85.8;-86.2;-86.2;-86.2;-86.1;-85.9;-86.1;-85.9;-86.1;-86.0;-86.0;-86.0;-86.2;-85.7;-86.0;-85.8;-86.0;-85.7;-85.9;-85.8;-86.2;-85.8;
-86.0;-86.1;-86.1;-86.1;-86.0;-85.9;-85.6;-83.7;-85.9;-86.2;-86.0;-86.1;-85.9;-85.9;-85.9;-86.1;-85.9;-86.0;-85.9;-85.6;-86.2;-85.7;-85.9;-86.2;-85.9;-86.2;-85.9;-86.2;-85.7;-86.0;-85.8;-85.9;-86.0;-85.6;-85.8;-86.0;-86.2;-85.8;-85.8;-86.2;-86.0;-86.3;-85.8;-86.0;-86.2;-86.0;-86.0;-86.2;-86.1;-86.0;-86.1;-85.9;-86.0;-86.1;-86.2;-86.0;-85.9;-85.7;-86.2;-86.1;-85.7;-85.8;-86.1;-85.8;-85.8;-85.9;-85.7;-86.0;-86.0;-85.9;-86.1;-85.8;-85.9;-85.7;-86.1;-85.8;-86.0;-86.5;-85.7;-85.8;-86.0;-85.7;-85.7;-86.0;-85.9;-85.7;-86.3;-85.9;-85.8;-85.6;-86.2;-85.9;-85.8;-86.1;-85.6;-86.4;-85.6;-85.8;-86.2;-86.2;
-85.8;-85.9;-86.1;-85.9;-85.7;-85.7;-85.8;-82.3;-85.9;-86.1;-85.9;-86.2;-85.9;-85.9;-85.9;-86.2;-85.9;-86.0;-86.1;-86.0;-86.1;-86.0;-85.9;-85.9;-85.8;-86.1;-85.9;-86.0;-86.1;-85.9;-86.0;-85.7;-85.7;-86.0;-86.1;-85.9;-86.1;-85.8;-86.0;-86.1;-85.9;-85.9;-86.5;-86.1;-86.4;-86.3;-86.2;-86.0;-86.1;-85.8;-85.9;-85.8;-85.9;-86.1;-85.8;-85.9;-86.0;-85.9;-86.3;-86.1;-86.1;-86.3;-86.2;-86.1;-86.1;-85.8;-86.1;-85.8;-85.8;-85.8;-86.1;-86.0;-86.0;-86.2;-85.9;-85.9;-86.3;-86.1;-86.1;-86.2;-85.8;-86.1;-86.4;-86.3;-85.9;-85.8;-86.1;-86.2;-86.2;-86.1;-86.0;-86.0;-86.1;-85.7;-86.2;-86.0;-86.3;-86.2;-86.4;-86.0;
-86.2;-85.7;-86.0;-85.8;-85.9;-85.9;-86.1;-85.7;-86.1;-86.1;-86.0;-85.9;-85.9;-86.1;-86.0;-86.1;-86.0;-86.3;-86.2;-86.1;-85.9;-85.8;-86.0;-85.9;-86.0;-86.1;-86.0;-85.9;-86.2;-86.1;-86.1;-85.8;-86.1;-86.2;-85.9;-86.0;-85.8;-85.9;-86.0;-85.5;-86.0;-86.1;-85.9;-86.0;-85.9;-85.8;-86.2;-86.0;-86.4;-86.1;-85.9;-86.0;-86.0;-85.8;-86.3;-86.0;-85.9;-86.1;-86.5;-86.2;-86.1;-86.0;-85.9;-85.9;-86.2;-86.0;-86.2;-85.9;-86.0;-86.1;-86.0;-85.9;-86.1;-85.7;-85.9;-86.1;-86.2;-86.2;-86.0;-86.1;-86.1;-86.0;-85.8;-86.3;-85.9;-86.2;-86.0;-86.0;-86.0;-86.0;-86.1;-85.8;-86.0;-86.0;-86.0;-85.9;-85.9;-86.0;-86.3;-86.2;
-86.2;-85.9;-86.0;-85.9;-86.0;-86.0;-86.0;-85.9;-85.8;-86.2;-86.2;-85.9;-85.9;-86.0;-85.9;-86.3;-86.1;-86.0;-86.0;-86.2;-86.0;-86.1;-85.8;-85.8;-86.2;-86.1;-86.1;-85.7;-85.9;-86.0;-85.8;-85.8;-86.2;-86.4;-85.8;-86.0;-86.0;-86.1;-85.8;-86.1;-86.0;-85.9;-86.0;-86.1;-85.8;-85.8;-86.2;-86.1;-86.0;-86.0;-85.8;-86.3;-86.3;-85.8;-85.8;-86.0;-86.0;-85.9;-86.0;-85.7;-86.0;-85.8;-85.9;-86.0;-86.2;-86.0;-86.0;-85.9;-86.1;-85.8;-85.9;-85.8;-85.7;-86.2;-85.8;-86.0;-85.7;-86.3;-86.0;-86.0;-85.9;-85.8;-85.8;-86.1;-85.8;-86.1;-85.9;-86.2;-86.0;-85.8;-85.9;-86.0;-86.2;-85.7;-85.7;-85.9;-86.0;-86.0;-86.0;-86.0;
-86.0;-86.0;-86.0;-85.9;-85.9;-86.1;-86.0;-85.3;-85.9;-86.1;-85.8;-86.1;-86.0;-85.7;-86.1;-86.2;-86.0;-85.7;-86.1;-86.0;-86.1;-86.2;-86.0;-86.2;-86.1;-85.9;-85.7;-85.9;-85.9;-85.9;-85.8;-85.9;-86.2;-86.0;-86.2;-85.9;-86.0;-85.9;-85.6;-85.8;-86.0;-86.0;-85.8;-85.8;-86.0;-86.4;-86.0;-85.8;-86.0;-86.0;-86.1;-85.9;-85.8;-85.7;-86.2;-86.4;-86.0;-85.8;-86.2;-86.0;-85.7;-86.3;-85.9;-85.9;-85.9;-85.9;-85.9;-85.8;-85.9;-86.0;-85.9;-85.9;-86.2;-85.9;-86.1;-86.0;-85.8;-85.9;-85.8;-85.9;-85.8;-85.9;-86.1;-85.8;-86.0;-85.8;-86.1;-86.0;-86.0;-85.8;-86.0;-86.3;-85.9;-86.0;-85.9;-86.2;-86.1;-86.2;-86.1;-86.0;
-85.9;-85.8;-86.0;-86.2;-86.0;-86.0;-85.7;-86.1;-86.4;-86.1;-86.1;-85.8;-85.9;-86.0;-85.9;-85.8;-85.9;-86.0;-85.7;-85.9;-85.9;-86.0;-86.2;-85.9;-85.9;-86.0;-86.1;-86.0;-86.1;-86.0;-86.0;-85.9;-86.0;-85.8;-85.7;-85.6;-86.0;-85.8;-85.9;-85.9;-86.2;-86.0;-85.8;-85.7;-85.9;-85.9;-86.3;-86.3;-85.8;-85.9;-86.0;-85.9;-86.0;-86.0;-86.0;-85.9;-86.1;-85.9;-85.9;-86.1;-86.0;-86.1;-86.2;-86.1;-85.6;-86.1;-85.9;-85.8;-85.7;-85.9;-86.0;-85.9;-86.0;-86.0;-86.0;-85.9;-86.0;-86.0;-86.1;-86.1;-85.8;-86.0;-85.9;-85.8;-86.2;-85.9;-86.2;-85.8;-85.8;-85.9;-85.7;-86.0;-85.9;-86.1;-86.0;-85.9;-86.0;-86.1;-86.1;-85.8;
-86.1;-86.1;-86.0;-86.1;-86.1;-86.0;-86.2;-85.9;-86.0;-85.9;-85.9;-85.9;-85.9;-86.1;-86.0;-86.0;-86.1;-85.8;-86.1;-85.9;-85.9;-85.7;-86.0;-86.0;-85.8;-86.2;-86.1;-85.9;-85.8;-85.7;-85.7;-86.1;-85.8;-85.6;-86.1;-85.8;-85.9;-86.2;-86.1;-86.3;-86.0;-85.9;-86.2;-86.1;-85.9;-85.9;-86.0;-86.0;-86.0;-86.0;-86.3;-85.7;-85.8;-85.7;-86.1;-86.0;-86.1;-85.9;-86.0;-86.2;-86.1;-86.1;-86.0;-86.0;-85.8;-86.0;-86.2;-85.9;-86.0;-85.8;-86.2;-86.2;-85.8;-86.5;-86.0;-86.1;-86.0;-85.9;-86.3;-86.1;-86.1;-86.1;-86.2;-85.8;-86.1;-86.0;-85.8;-86.3;-86.3;-86.2;-86.0;-86.2;-85.9;-85.9;-85.7;-85.9;-85.9;-86.0;-85.9;-85.8;
-85.8;-86.0;-86.0;-85.8;-86.2;-86.1;-85.9;-84.9;-86.0;-86.2;-86.0;-85.8;-86.0;-86.2;-86.3;-86.0;-86.5;-86.0;-86.1;-86.1;-86.1;-86.1;-86.5;-86.3;-85.9;-86.3;-85.7;-86.0;-86.0;-86.2;-85.9;-86.0;-85.6;-86.2;-86.1;-86.0;-86.1;-86.1;-86.2;-86.1;-85.5;-86.0;-86.1;-86.0;-85.9;-86.1;-86.2;-85.8;-86.1;-86.1;-86.2;-86.2;-85.7;-85.7;-86.1;-85.9;-86.0;-86.0;-85.9;-85.9;-85.9;-85.9;-86.2;-86.0;-86.1;-86.0;-86.0;-85.8;-85.9;-86.1;-86.0;-86.1;-86.1;-86.1;-86.1;-86.1;-86.0;-86.0;-86.0;-86.1;-85.9;-86.0;-85.9;-85.8;-86.0;-86.0;-86.0;-86.0;-86.0;-86.0;-86.0;-86.2;-86.1;-85.7;-85.8;-86.0;-86.2;-85.9;-86.0;-86.2;
-85.9;-85.8;-85.8;-85.6;-86.0;-85.7;-86.0;-85.9;-86.2;-86.2;-85.7;-86.0;-86.0;-86.1;-86.1;-86.3;-86.2;-86.1;-86.1;-85.8;-86.0;-85.6;-85.6;-85.9;-86.2;-85.9;-85.5;-86.2;-86.0;-86.3;-85.9;-86.0;-85.9;-86.0;-86.0;-86.1;-86.1;-86.3;-86.2;-86.2;-86.0;-85.9;-85.8;-86.0;-85.8;-85.9;-85.7;-86.0;-86.0;-86.0;-86.1;-85.7;-86.3;-85.9;-86.0;-86.1;-85.8;-85.8;-85.9;-86.1;-85.8;-85.9;-86.0;-85.7;-85.8;-85.9;-85.9;-86.1;-86.2;-85.7;-85.9;-85.9;-86.2;-85.9;-85.9;-86.0;-86.2;-86.0;-85.9;-85.8;-86.2;-86.0;-86.3;-85.8;-85.8;-86.0;-85.9;-85.9;-85.9;-85.8;-85.8;-86.1;-86.0;-85.9;-86.3;-86.3;-85.8;-86.4;-85.8;-86.1;
-86.1;-86.1;-86.0;-85.9;-85.8;-86.3;-86.0;-85.7;-86.1;-86.0;-85.9;-85.8;-86.1;-86.2;-85.9;-86.1;-86.0;-86.2;-86.1;-85.7;-85.7;-85.9;-86.1;-85.9;-86.1;-86.3;-85.9;-85.9;-86.0;-85.8;-85.9;-85.8;-85.8;-86.2;-86.2;-85.9;-86.1;-85.9;-85.9;-86.0;-86.1;-85.9;-86.1;-86.3;-86.0;-86.2;-86.1;-85.8;-86.0;-86.2;-85.9;-86.1;-85.8;-86.0;-85.9;-86.4;-86.4;-86.1;-86.2;-86.1;-85.8;-86.1;-86.1;-86.1;-85.9;-86.1;-86.1;-86.2;-86.4;-86.3;-86.2;-86.2;-85.8;-86.1;-86.3;-86.0;-86.0;-85.9;-86.0;-86.2;-85.9;-85.9;-85.9;-86.0;-85.9;-86.1;-86.2;-85.9;-85.8;-85.9;-85.8;-85.9;-86.1;-86.1;-86.0;-86.1;-85.9;-85.9;-85.6;-86.2;
-86.0;-85.9;-85.8;-86.2;-86.2;-86.2;-86.2;-85.3;-85.8;-86.1;-85.9;-85.9;-86.2;-86.0;-86.1;-85.9;-86.0;-86.4;-86.1;-86.0;-86.0;-86.2;-86.2;-86.1;-86.1;-85.9;-86.2;-85.9;-86.0;-86.2;-86.4;-85.7;-86.0;-85.8;-86.0;-86.1;-86.2;-86.0;-85.9;-86.1;-85.9;-86.3;-86.0;-86.1;-85.8;-86.0;-86.1;-86.1;-86.4;-86.0;-86.0;-85.8;-85.9;-85.7;-85.9;-86.0;-86.3;-85.9;-85.7;-86.0;-86.0;-86.0;-86.1;-86.4;-86.1;-86.2;-86.3;-86.2;-86.2;-86.3;-85.8;-85.9;-85.7;-86.0;-86.3;-85.9;-86.1;-86.1;-86.2;-86.0;-86.1;-86.1;-86.1;-86.0;-85.9;-85.8;-85.8;-86.0;-86.0;-86.1;-86.0;-86.1;-85.9;-86.4;-85.9;-86.5;-85.8;-86.2;-85.8;-86.0;
-86.3;-86.3;-85.9;-86.2;-86.0;-86.1;-85.7;-83.7;-85.9;-86.0;-86.2;-86.0;-85.9;-86.0;-86.0;-86.0;-86.1;-85.8;-85.9;-86.3;-86.1;-86.2;-86.1;-86.0;-86.0;-85.8;-86.0;-85.6;-85.9;-85.8;-86.1;-85.9;-86.2;-85.8;-85.8;-86.0;-86.0;-86.2;-86.2;-86.0;-85.9;-85.9;-85.8;-86.1;-86.0;-86.0;-86.1;-86.1;-85.7;-85.9;-86.1;-86.2;-85.8;-86.0;-85.7;-85.8;-86.2;-85.7;-86.3;-86.1;-85.9;-86.0;-86.0;-86.1;-85.7;-86.1;-86.4;-86.1;-85.8;-86.1;-85.9;-86.0;-85.9;-86.0;-86.1;-86.1;-85.6;-85.8;-86.1;-86.0;-86.0;-85.8;-85.7;-85.9;-86.2;-86.1;-86.0;-86.0;-85.9;-86.1;-86.1;-85.8;-85.9;-86.1;-85.8;-86.2;-86.0;-85.8;-86.1;-86.3;
-86.0;-86.0;-86.0;-85.6;-85.9;-86.0;-86.2;-84.9;-86.0;-85.8;-86.0;-85.8;-85.7;-85.9;-85.8;-85.7;-86.3;-86.0;-86.0;-85.9;-85.8;-86.0;-85.9;-86.0;-85.9;-86.0;-85.8;-85.7;-86.2;-86.1;-86.0;-86.1;-85.9;-86.0;-85.9;-86.0;-86.1;-86.0;-85.7;-86.2;-86.0;-86.1;-86.1;-85.8;-86.0;-86.0;-86.2;-86.1;-86.2;-85.7;-86.2;-86.0;-86.0;-86.2;-86.0;-86.0;-86.1;-85.8;-86.1;-86.1;-86.0;-86.4;-86.0;-86.0;-86.4;-86.2;-86.1;-86.1;-86.3;-86.1;-86.2;-86.2;-86.0;-85.9;-86.0;-86.3;-85.9;-85.8;-86.1;-86.0;-85.9;-85.8;-86.2;-86.2;-86.1;-86.0;-86.5;-85.9;-86.1;-86.2;-86.0;-85.9;-86.0;-85.8;-86.0;-86.0;-86.2;-86.2;-86.3;-86.2;
-86.0;-86.0;-85.7;-85.9;-85.8;-85.9;-85.9;-85.6;-86.4;-85.8;-85.9;-86.3;-86.1;-86.2;-86.1;-86.1;-86.0;-86.0;-85.9;-85.8;-86.1;-86.0;-85.9;-86.2;-86.0;-86.0;-86.0;-86.2;-86.1;-86.3;-86.1;-86.0;-86.0;-86.0;-86.1;-86.1;-85.9;-86.2;-85.9;-86.2;-85.9;-86.0;-86.0;-85.9;-85.8;-86.2;-86.2;-85.9;-85.9;-86.1;-85.9;-86.2;-85.9;-86.0;-85.8;-86.1;-85.8;-86.2;-86.2;-86.2;-86.0;-86.0;-86.2;-86.4;-86.2;-86.0;-86.2;-86.0;-85.9;-86.2;-86.1;-85.8;-86.4;-86.1;-85.9;-86.0;-85.9;-86.2;-85.9;-85.9;-85.9;-86.1;-86.2;-86.4;-85.9;-85.9;-86.1;-86.1;-86.2;-85.9;-86.0;-86.2;-85.9;-86.0;-86.2;-85.8;-85.9;-86.1;-86.1;-86.5;
-86.2;-86.0;-85.9;-86.1;-86.3;-86.0;-85.8;-85.2;-86.1;-86.2;-85.9;-85.6;-85.9;-86.2;-86.1;-85.9;-86.2;-86.0;-86.2;-86.0;-86.2;-86.0;-85.9;-86.0;-86.3;-85.8;-86.4;-86.0;-85.4;-86.1;-85.7;-85.6;-86.0;-86.2;-86.0;-86.2;-85.8;-85.9;-86.2;-86.1;-86.1;-86.2;-85.8;-86.1;-86.0;-86.2;-85.7;-85.8;-85.8;-86.1;-86.0;-86.1;-86.1;-86.0;-86.3;-86.2;-86.1;-86.2;-86.1;-85.9;-86.1;-86.3;-86.0;-86.0;-86.1;-86.0;-86.0;-85.9;-86.0;-86.1;-86.1;-86.1;-86.0;-86.1;-86.3;-86.2;-85.9;-85.8;-86.2;-86.0;-85.8;-85.7;-86.0;-86.0;-86.1;-86.3;-85.9;-86.2;-86.3;-86.4;-86.3;-86.3;-86.0;-86.0;-86.0;-85.8;-86.1;-86.0;-86.2;-86.0;
-86.1;-86.3;-86.1;-85.9;-86.2;-85.9;-86.1;-83.8;-86.3;-86.3;-86.0;-85.7;-86.2;-86.1;-86.0;-86.1;-85.9;-86.2;-86.0;-86.5;-86.1;-85.9;-86.5;-86.1;-86.2;-86.0;-86.4;-85.9;-86.1;-86.0;-86.1;-85.9;-86.2;-86.2;-86.0;-86.0;-86.0;-86.2;-85.8;-85.9;-86.0;-85.8;-85.7;-86.1;-86.1;-85.8;-86.2;-86.2;-85.9;-86.0;-86.0;-85.9;-85.9;-86.1;-86.0;-86.2;-85.9;-85.9;-86.1;-86.1;-86.3;-86.6;-86.0;-86.2;-85.9;-86.1;-86.1;-86.0;-85.9;-85.9;-85.8;-86.0;-85.9;-85.8;-86.1;-85.9;-86.2;-86.0;-86.1;-85.6;-86.2;-85.9;-86.3;-85.8;-85.9;-86.0;-85.9;-86.0;-86.0;-86.0;-85.9;-86.0;-86.0;-85.7;-85.9;-86.1;-85.9;-85.6;-86.0;-86.1;
-85.9;-85.9;-86.0;-86.3;-85.8;-86.1;-85.8;-80.1;-86.2;-86.0;-85.9;-85.8;-85.7;-85.7;-86.0;-86.3;-86.1;-85.9;-85.9;-86.1;-86.1;-86.2;-86.2;-86.0;-85.9;-86.2;-86.1;-85.9;-86.0;-86.2;-86.1;-86.1;-86.3;-86.2;-86.2;-86.2;-86.0;-85.9;-86.3;-86.1;-86.1;-85.8;-86.0;-85.8;-86.0;-86.2;-86.0;-85.7;-86.0;-85.9;-86.0;-86.1;-85.7;-86.1;-85.7;-86.0;-85.8;-86.0;-86.0;-85.8;-86.0;-86.1;-86.0;-85.7;-86.0;-86.0;-86.2;-86.0;-85.6;-86.0;-85.8;-85.8;-86.2;-86.1;-86.2;-86.1;-86.0;-86.3;-86.1;-86.1;-85.8;-86.2;-85.9;-85.9;-86.1;-85.9;-86.0;-86.0;-85.9;-86.0;-86.5;-85.9;-85.8;-85.9;-86.0;-86.1;-86.3;-86.0;-85.7;-85.9;
-86.2;-85.9;-86.6;-85.8;-85.7;-86.3;-85.9;-85.6;-85.8;-86.0;-86.2;-85.9;-85.8;-85.9;-86.2;-86.1;-86.3;-86.1;-86.1;-86.3;-86.1;-86.0;-86.0;-86.0;-86.3;-86.1;-86.1;-85.9;-86.0;-86.0;-86.1;-86.2;-86.1;-86.3;-86.1;-85.9;-86.2;-86.5;-86.2;-86.1;-85.9;-86.1;-86.0;-86.0;-86.2;-85.9;-86.2;-86.0;-86.0;-86.1;-85.7;-85.9;-86.2;-85.8;-85.8;-85.9;-85.8;-85.9;-86.2;-85.8;-86.1;-86.0;-86.0;-86.2;-86.2;-86.2;-85.9;-86.4;-86.3;-86.3;-86.2;-86.1;-86.0;-86.2;-86.3;-85.9;-85.9;-86.3;-86.0;-86.0;-86.1;-86.2;-86.0;-86.1;-86.0;-86.0;-86.0;-86.2;-86.2;-86.3;-86.2;-86.2;-86.4;-86.0;-85.6;-86.2;-86.0;-85.9;-86.2;-86.1;
-85.9;-86.1;-85.8;-86.3;-85.9;-85.9;-86.2;-80.0;-86.2;-85.8;-86.1;-85.9;-85.9;-85.9;-86.0;-85.9;-86.1;-86.0;-86.1;-85.8;-86.0;-85.7;-85.9;-86.0;-86.2;-86.3;-85.8;-85.9;-86.0;-86.0;-85.7;-85.8;-85.6;-86.1;-85.9;-85.9;-86.1;-85.8;-86.1;-86.0;-86.1;-86.1;-86.2;-86.3;-86.0;-86.0;-86.1;-86.2;-86.0;-86.1;-86.1;-86.1;-86.2;-86.1;-86.2;-86.0;-85.9;-86.0;-85.9;-85.9;-86.2;-86.0;-86.4;-86.1;-86.0;-86.1;-85.7;-85.6;-86.0;-86.0;-86.2;-86.0;-86.1;-86.1;-85.9;-86.2;-86.0;-86.1;-86.3;-86.0;-85.8;-86.0;-86.0;-86.0;-86.1;-86.0;-86.1;-85.9;-85.8;-85.9;-86.2;-85.8;-86.2;-86.0;-86.0;-86.0;-86.0;-86.1;-86.0;-85.9;
-85.7;-86.0;-85.9;-85.8;-86.1;-85.9;-85.8;-81.2;-85.8;-85.9;-86.1;-86.2;-85.8;-86.1;-86.0;-85.8;-86.4;-86.2;-86.1;-86.0;-86.1;-86.1;-86.0;-86.1;-86.0;-86.0;-86.4;-85.9;-85.9;-85.9;-85.9;-86.3;-86.3;-85.9;-85.9;-86.0;-86.4;-85.8;-86.3;-86.3;-86.1;-86.1;-86.4;-86.0;-86.0;-86.0;-86.3;-86.0;-86.0;-86.1;-86.1;-86.1;-86.1;-86.0;-86.0;-86.4;-86.1;-86.1;-85.8;-86.6;-86.0;-85.9;-86.0;-85.9;-86.5;-86.3;-86.1;-85.9;-86.0;-86.0;-85.7;-86.1;-85.9;-86.1;-86.2;-86.2;-85.9;-86.1;-86.2;-86.3;-86.4;-86.2;-85.9;-86.2;-85.8;-85.9;-86.1;-85.9;-86.2;-85.9;-86.2;-86.1;-85.7;-86.2;-85.9;-86.0;-85.7;-86.0;-86.0;-86.0;
-85.8;-86.2;-86.2;-85.7;-86.2;-86.2;-85.5;-70.7;-86.1;-85.8;-86.2;-86.3;-86.2;-86.0;-85.8;-85.8;-85.7;-85.9;-85.7;-86.0;-85.9;-86.0;-86.0;-86.1;-85.9;-86.2;-86.2;-86.1;-85.9;-85.8;-86.2;-85.9;-86.1;-86.3;-86.5;-85.8;-86.1;-85.9;-85.9;-86.0;-86.1;-86.1;-85.9;-86.4;-86.1;-86.3;-85.8;-85.8;-86.3;-85.8;-85.7;-86.0;-85.9;-86.0;-86.2;-86.2;-86.1;-85.8;-86.1;-86.1;-85.8;-86.1;-86.0;-86.2;-85.9;-86.0;-86.2;-86.2;-86.0;-86.0;-86.1;-86.1;-86.2;-86.2;-85.8;-85.9;-86.1;-85.9;-86.3;-86.1;-86.2;-85.8;-86.3;-86.1;-86.2;-85.9;-85.8;-86.2;-86.0;-86.1;-86.1;-85.9;-86.1;-86.1;-85.9;-85.8;-85.4;-85.7;-86.2;-86.6;
-86.1;-86.1;-86.2;-86.0;-86.2;-86.3;-86.1;-77.2;-85.8;-86.1;-86.0;-86.2;-86.0;-85.9;-86.2;-85.7;-86.2;-86.3;-86.0;-86.1;-86.0;-85.9;-86.1;-86.3;-86.5;-85.9;-86.0;-85.9;-86.1;-86.0;-86.2;-86.2;-86.0;-86.0;-86.0;-86.4;-85.9;-85.7;-85.8;-86.5;-86.3;-85.8;-86.0;-86.1;-85.9;-85.9;-86.0;-85.8;-85.9;-86.2;-86.0;-86.3;-85.9;-86.1;-86.1;-86.2;-86.2;-86.0;-85.9;-86.0;-86.3;-85.9;-85.8;-85.9;-86.0;-86.0;-85.3;-85.7;-85.9;-86.1;-86.1;-86.0;-85.9;-85.8;-85.9;-86.0;-86.1;-86.0;-85.9;-85.9;-85.8;-85.7;-86.2;-86.0;-86.2;-86.3;-86.2;-85.8;-86.2;-86.2;-86.1;-85.8;-86.0;-86.1;-85.6;-86.0;-86.3;-85.8;-85.9;-86.3;
-86.0;-86.0;-86.0;-85.9;-85.6;-86.3;-86.1;-85.8;-85.9;-85.9;-86.1;-85.8;-86.0;-85.8;-86.1;-85.8;-85.8;-86.3;-85.9;-86.0;-85.7;-86.4;-86.0;-85.6;-85.6;-84.8;-86.1;-85.9;-85.7;-85.9;-86.1;-86.4;-86.1;-86.0;-86.2;-85.8;-86.2;-86.3;-86.1;-85.9;-86.1;-86.2;-85.9;-86.0;-85.9;-85.8;-85.8;-86.0;-86.0;-86.1;-86.2;-86.1;-86.0;-86.0;-86.2;-86.0;-85.9;-86.0;-86.0;-86.1;-86.0;-86.1;-86.5;-85.7;-86.1;-86.0;-86.4;-86.0;-86.1;-86.0;-86.1;-86.1;-85.9;-86.4;-86.1;-85.9;-85.8;-86.1;-86.4;-86.1;-85.9;-86.1;-86.1;-85.7;-85.8;-86.0;-86.0;-86.2;-86.1;-85.9;-86.2;-85.9;-86.3;-85.9;-85.8;-86.3;-85.9;-86.2;-85.9;-85.8;
